234 112 244 41 188 224 152 40 58 15 201 39 95 66 187 115 
13 8 202 235 84 117 220 91 103 36 239 211 53 90 226 142 
33 209 131 212 125 119 80 201 144 161 48 110 28 175 4 191 
96 251 190 47 151 172 7 116 147 152 192 152 240 195 242 223 
43 59 5 140 190 229 244 148 182 0 91 178 69 110 63 182 
31 47 115 56 155 179 246 115 202 14 64 227 181 183 216 204 
174 80 66 224 169 119 1 121 6 41 119 150 81 84 47 37 
89 10 120 192 80 185 67 119 67 145 193 175 164 17 222 253 
39 142 3 243 43 94 13 166 45 248 49 114 59 95 34 117 
221 27 138 171 63 23 123 243 12 202 156 24 181 80 211 244 
