97
189
284
380
476
570
666
758
860
948
1044
1141
1234
1335
1423
1519
1613
1716
1808
1904
1997
2097
2188
2271
2390
2475
2565
2662
2755
2849
2949
3040
3139
3236
3332
3428
3535
3616
3710
3814
3898
3989
4079
4181
4274
4372
4465
4571
4655
4762
150
292
441
583
733
874
1030
1176
1325
1465
1615
1764
1909
2052
2199
2355
2512
2637
2790
2944
3080
3248
3367
3587
3761
3926
4019
4121
4299
4409
4543
4701
4838
4993
5133
5274
5424
5558
5725
5849
6016
6163
6303
6474
6622
6802
6882
7024
7170
7333
102
202
307
406
518
616
717
814
917
1001
1096
1195
1295
1397
1498
1607
1662
1792
1857
1944
2100
2169
2279
2357
2506
2622
2705
2781
2899
2991
3084
3255
3289
3397
3489
3583
3698
3796
3880
4030
4076
4192
4268
4371
4482
4588
4626
4737
4859
4970
206
410
618
827
1027
1232
1437
1642
1860
2057
2262
2473
2683
2888
3098
3296
3498
3693
3913
4118
4342
4529
4725
4961
5160
5353
5548
5789
5973
6186
6388
6603
6811
7036
7248
7441
7616
7820
8036
8254
8441
8637
8876
9092
9301
9464
9688
9924
10126
10374

95
190
285
381
474
572
665
768
857
955
1044
1151
1239
1334
1425
1526
1619
1716
1811
1904
2001
2105
2194
2293
2381
2483
2622
2669
2773
2957
2951
3046
3153
3228
3335
3426
3526
3631
3707
3812
3894
4002
4099
4195
4279
4390
4477
4557
4684
4772
146
293
439
588
730
882
1022
1172
1314
1466
1608
1762
1898
2051
2206
2353
2621
2638
2782
2938
3080
3225
3387
3515
3675
3810
3958
4103
4256
4398
4719
4691
4832
4924
5094
5356
5456
5558
5713
5852
6007
6125
6297
6454
6599
6757
6886
7060
7144
7297
102
195
291
389
491
596
682
788
885
983
1079
1179
1280
1373
1483
1578
1684
1773
1874
1966
2072
2179
2269
2366
2456
2556
2665
2761
2860
2954
3077
3153
3258
3397
3490
3560
3658
3758
3856
3983
4064
4142
4237
4352
4437
4559
4642
4749
4804
4885
206
411
616
823
1034
1237
1446
1650
1856
2089
2265
2476
2680
2894
3086
3300
3511
3721
3929
4137
4345
4554
4762
4969
5158
5379
5571
5784
5966
6167
6381
6619
6796
7033
7225
7411
7619
7817
8016
8226
8458
8661
8884
9081
9292
9496
9709
9921
10119
10316

95
189
284
381
477
573
666
788
856
952
1045
1145
1239
1328
1427
1525
1619
1718
1811
1898
2003
2089
2191
2284
2383
2481
2554
2673
2764
2861
2954
3057
3142
3252
3306
3414
3525
3613
3718
3797
3903
4000
4090
4187
4289
4373
4481
4570
4676
4774
147
292
439
588
733
877
1025
1170
1321
1466
1619
1756
1896
2046
2196
2352
2507
2632
2782
2923
3070
3224
3368
3566
3661
3798
3967
4108
4251
4395
4524
4691
4826
4981
5126
5260
5418
5578
5747
5866
6000
6146
6295
6485
6580
6750
6884
7015
7182
7322
99
193
291
387
489
595
687
788
880
985
1083
1182
1278
1389
1475
1574
1664
1775
1879
1967
2069
2173
2262
2367
2468
2560
2666
2755
2861
2967
3057
3172
3245
3376
3456
3548
3639
3738
3843
3992
4061
4155
4238
4324
4444
4540
4626
4688
4824
4936
204
415
620
824
1033
1235
1443
1655
1859
2086
2262
2479
2659
2897
3093
3304
3516
3719
3924
4124
4323
4523
4717
4938
5150
5363
5573
5758
5978
6183
6397
6595
6814
7030
7211
7423
7645
7848
8049
8258
8453
8666
8867
9053
9270
9485
9705
9898
10092
10302

94
190
286
380
477
569
668
763
854
949
1048
1136
1237
1332
1428
1522
1621
1713
1814
1907
2004
2097
2194
2277
2385
2482
2574
2675
2765
2849
2942
3054
3159
3231
3323
3457
3528
3608
3702
3804
3895
4003
4094
4191
4290
4390
4481
4657
4674
4754
147
292
437
585
730
880
1028
1169
1318
1466
1608
1755
1912
2055
2196
2360
2475
2640
2782
2933
3074
3222
3358
3503
3650
3796
3955
4105
4241
4394
4535
4700
4839
4985
5168
5292
5429
5562
5710
5858
6023
6155
6286
6453
6606
6733
6891
7066
7185
7301
103
197
291
387
487
594
686
785
885
982
1089
1185
1285
1377
1479
1572
1678
1771
1872
1969
2075
2162
2282
2368
2467
2562
2662
2763
2866
2965
3053
3156
3258
3352
3454
3556
3644
3757
3835
3932
4043
4130
4236
4336
4443
4539
4653
4738
4716
4918
207
411
620
825
1029
1236
1445
1649
1855
2060
2262
2516
2701
2897
3109
3299
3501
3730
3918
4124
4348
4530
4736
4950
5153
5356
5562
5808
6008
6203
6412
6605
6797
7012
7225
7434
7664
7866
8046
8267
8447
8680
8897
9075
9291
9520
9726
9932
10177
10318

95
190
285
381
476
570
667
762
857
955
1047
1143
1236
1335
1429
1526
1620
1718
1806
1904
2001
2090
2191
2286
2380
2471
2566
2664
2748
2854
2945
3033
3134
3224
3315
3455
3551
3628
3720
3801
3906
3999
4100
4196
4302
4387
4474
4565
4665
4759
145
293
437
588
730
874
1032
1171
1321
1475
1610
1756
1909
2059
2198
2329
2487
2640
2782
2931
3072
3227
3374
3524
3656
3814
3969
4087
4241
4423
4562
4707
4836
4976
5124
5260
5442
5566
5742
5889
5986
6148
6311
6438
6619
6738
6878
7047
7174
7332
99
198
293
393
488
590
687
790
880
989
1081
1182
1276
1376
1471
1577
1670
1779
1868
1968
2060
2178
2265
2364
2468
2557
2656
2756
2859
2958
3039
3163
3237
3363
3442
3545
3652
3739
3839
3941
4064
4142
4237
4421
4462
4546
4623
4687
4850
4933
206
415
620
826
1035
1243
1446
1656
1863
2072
2281
2483
2684
2891
3096
3302
3505
3711
3918
4142
4318
4543
4759
4940
5164
5351
5572
5795
5994
6196
6398
6605
6802
7037
7248
7433
7658
7838
8062
8247
8472
8659
8885
9113
9300
9534
9739
9931
10135
10346

94
190
286
382
474
571
665
760
857
954
1050
1144
1244
1330
1432
1525
1614
1711
1827
1919
2004
2096
2182
2286
2369
2476
2563
2667
2764
2860
2956
3051
3141
3227
3342
3436
3531
3618
3718
3799
3911
4007
4080
4193
4286
4390
4488
4570
4662
4774
145
293
434
583
730
873
1020
1175
1315
1459
1608
1753
1906
2046
2198
2335
2488
2636
2762
2920
3072
3221
3383
3515
3659
3797
3933
4101
4245
4378
4530
4676
4813
4969
5116
5294
5402
5568
5697
5866
6002
6149
6297
6411
6582
6731
6850
7009
7147
7329
99
197
294
392
489
592
686
789
881
991
1087
1183
1278
1382
1478
1572
1679
1770
1866
1971
2080
2167
2264
2365
2463
2571
2666
2755
2856
2960
3054
3202
3270
3353
3453
3542
3646
3738
3845
3957
4033
4152
4240
4341
4441
4559
4647
4672
4815
4913
206
413
617
827
1034
1241
1451
1650
1861
2070
2276
2484
2681
2892
3098
3303
3507
3710
3917
4135
4324
4546
4748
4956
5168
5366
5574
5789
5977
6200
6409
6611
6827
7037
7237
7431
7630
7840
8076
8283
8486
8675
8888
9100
9301
9497
9710
9889
10141
10332

95
189
284
385
476
573
667
762
857
951
1048
1143
1236
1332
1426
1520
1614
1715
1814
1906
2003
2091
2195
2291
2370
2466
2573
2665
2762
2859
2947
3047
3130
3239
3331
3432
3509
3620
3714
3797
3913
4000
4077
4178
4263
4369
4483
4579
4670
4760
146
294
438
589
731
876
1025
1166
1323
1463
1604
1761
1914
2049
2198
2334
2489
2639
2777
2931
3078
3220
3369
3523
3669
3829
3954
4120
4249
4393
4538
4716
4813
4998
5157
5282
5419
5566
5722
5855
6001
6151
6291
6462
6585
6741
6957
7008
7175
7364
97
193
291
392
491
592
687
779
890
1014
1116
1204
1275
1374
1480
1574
1682
1773
1871
1960
2057
2169
2273
2364
2454
2569
2657
2769
2861
2956
3068
3154
3252
3402
3446
3560
3644
3742
3854
3964
4048
4143
4233
4337
4449
4546
4599
4747
4786
4939
205
413
618
823
1029
1237
1443
1653
1858
2070
2266
2471
2684
2892
3104
3300
3514
3705
3932
4140
4333
4526
4755
4959
5164
5369
5571
5776
5982
6208
6440
6634
6799
7038
7220
7427
7648
7831
8055
8251
8492
8655
8888
9082
9291
9503
9727
9917
10133
10355

94
190
286
380
475
569
669
763
854
954
1052
1144
1237
1331
1422
1525
1615
1716
1800
1907
2002
2097
2194
2287
2385
2479
2577
2656
2762
2865
2949
3052
3132
3241
3330
3433
3516
3619
3734
3813
3898
3986
4082
4188
4283
4373
4462
4578
4677
4769
147
293
437
587
731
874
1029
1172
1311
1461
1611
1754
1900
2046
2202
2336
2486
2639
2786
2928
3078
3231
3358
3512
3656
3807
3949
4079
4244
4386
4546
4665
4820
4996
5134
5269
5432
5553
5704
5864
6019
6149
6324
6436
6597
6721
6899
7022
7200
7322
102
197
295
391
491
597
684
785
880
987
1083
1176
1274
1382
1476
1565
1670
1774
1871
1964
2083
2166
2260
2363
2469
2562
2670
2759
2847
2964
3053
3152
3254
3358
3451
3544
3654
3745
3849
3973
4040
4136
4241
4402
4442
4524
4649
4707
4819
4906
205
410
618
830
1034
1244
1449
1656
1866
2072
2275
2472
2684
2893
3102
3306
3510
3726
3923
4122
4318
4541
4760
4946
5158
5356
5580
5799
6000
6198
6417
6624
6810
7047
7243
7433
7675
7867
8067
8274
8474
8685
8892
9090
9284
9511
9719
9898
10125
10348

94
189
286
378
470
571
667
758
858
952
1048
1142
1238
1336
1431
1522
1619
1716
1805
1904
1995
2098
2188
2276
2380
2470
2568
2673
2767
2857
2954
3028
3126
3234
3328
3431
3511
3607
3718
3811
3902
3993
4097
4193
4277
4384
4481
4578
4672
4739
145
290
437
588
728
874
1017
1171
1321
1460
1613
1764
1898
2047
2194
2352
2484
2631
2778
2934
3068
3219
3356
3515
3661
3825
3953
4129
4238
4375
4561
4686
4879
5005
5121
5290
5420
5546
5711
5886
6008
6159
6304
6412
6601
6731
6863
7011
7156
7312
99
194
293
390
493
591
686
778
891
982
1080
1179
1281
1367
1474
1576
1673
1771
1874
1970
2065
2162
2262
2359
2508
2568
2654
2767
2868
2947
3063
3152
3264
3354
3444
3559
3654
3736
3847
3954
4041
4137
4241
4332
4456
4538
4599
4736
4788
4938
206
413
619
826
1032
1238
1449
1651
1858
2066
2274
2485
2681
2891
3090
3310
3518
3706
3909
4140
4330
4548
4745
4937
5152
5364
5588
5760
5999
6173
6415
6609
6822
7027
7227
7450
7630
7833
8050
8265
8457
8682
8908
9107
9272
9524
9730
9932
10131
10327

95
190
297
376
476
570
665
760
859
950
1049
1145
1238
1336
1424
1522
1613
1715
1813
1909
2002
2094
2190
2284
2384
2473
2578
2651
2770
2861
2956
3052
3130
3243
3318
3427
3535
3609
3710
3799
3893
3998
4098
4192
4265
4373
4465
4552
4659
4763
145
291
437
586
732
872
1029
1171
1321
1459
1607
1753
1893
2045
2194
2349
2488
2649
2785
2926
3070
3205
3377
3515
3657
3813
3956
4110
4280
4406
4545
4677
4843
4974
5115
5279
5443
5553
5707
5856
5986
6162
6293
6446
6605
6725
6896
7028
7152
7373
104
195
292
385
491
594
685
788
878
985
1080
1182
1280
1375
1476
1570
1673
1771
1874
1968
2081
2159
2295
2366
2468
2558
2666
2755
2870
2960
3046
3160
3262
3360
3454
3554
3647
3740
3882
3992
4049
4148
4239
4342
4454
4541
4642
4689
4815
4902
205
411
617
826
1030
1237
1443
1652
1857
2060
2276
2479
2668
2879
3095
3338
3537
3735
3920
4127
4338
4547
4758
4952
5171
5377
5567
5786
6003
6207
6397
6606
6845
7015
7224
7447
7660
7846
8096
8281
8459
8701
8884
9089
9308
9508
9724
9927
10096
10308

