4,66396549349642
7,89371561058859
7,99969134753221
7,99973154329704
7,99973447851993
7,99972099314002
7,99976150910756
7,99972844233096
7,99974016849522

4,70762054314275
7,91178471456496
7,99977735156608
7,99975397626851
7,99975735854886
7,99974652023034
7,99970641636879
7,99974128491582
7,99974045816863

4,6952269513319
7,88543321358659
7,99968876179494
7,99971498479186
7,99970986492078
7,99971265073542
7,99972966993552
7,99969778116095
7,99971404097746

4,60146624765917
7,91325775793742
7,99975611464133
7,99969769327804
7,99977936736359
7,99969633743411
7,99970888912963
7,99972625729527
7,99968136353454

4,57523418969161
7,89582054659933
7,99973832364691
7,99967619706838
7,99975485881782
7,99970140893544
7,99974737758938
7,99972939648167
7,99974106418339

4,66234058800794
7,91228807850852
7,99974061754639
7,99969903604816
7,99972694889815
7,99967833721474
7,99975136479185
7,99969869648326
7,99969891777779

4,59321855955012
7,90614997716417
7,99973693759243
7,9996829581105
7,99972347162579
7,99975185346712
7,99971466826421
7,99971745450021
7,99971722697714

4,5774835343536
7,90085443153322
7,99970424522031
7,99969117399612
7,99976715812299
7,99966504205049
7,99974249156458
7,99969577751288
7,99971864808531

4,58017221273191
7,88417599270417
7,99972793786681
7,99968432077408
7,99971093346006
7,99968485452402
7,99970056122011
7,99970713615468
7,99967750879002

4,60394446199166
7,89462909362309
7,99976730562097
7,99971053454723
7,99975237750058
7,99972633389724
7,99970946967342
7,99973122882308
7,99972278510493

5,8198953154798
7,99954102554979
7,99996736101213
7,99996757198634
7,99996877595621
7,99996957564696
7,99997274840215
7,9999717353066
7,99997184549856

5,83145789311138
7,99958241349453
7,99996911429575
7,99996746247115
7,99996162058662
7,99997292464603
7,99996832441645
7,99996707708534
7,99996664152659

5,88224894584281
7,99955614771757
7,99996828745345
7,99997297809488
7,99996457647023
7,99996584500813
7,99996786417478
7,99997029164714
7,99997424003033

5,7136345959021
7,99966752451034
7,99996776428458
7,99996920139279
7,99997300842861
7,99996465061447
7,99997115128352
7,99997019665707
7,99996803324728

5,87521511855475
7,99956162419328
7,99996406500457
7,99996965759167
7,99997044244755
7,99996992862956
7,99996769258382
7,99996865532394
7,99996287766132

5,71506602561513
7,99961852212228
7,99997157399731
7,99996703059973
7,99996802301097
7,999967500598
7,99996860923652
7,99997112528802
7,99996730529814

5,67042956221832
7,99965046152746
7,99996897018355
7,99996712472375
7,99997451173927
7,99997344109877
7,99996449623042
7,99996562234421
7,99996484425692

5,78700236354442
7,99955855434042
7,99996893930517
7,99996882716988
7,99997027919989
7,99996846638076
7,99996474200921
7,99997212284599
7,99997279878236

5,89950528057518
7,99959926996927
7,99996598710867
7,99996552596828
7,99996813910255
7,9999724938761
7,99997196535992
7,99996411088771
7,99996215842962

5,82147821000002
7,99956136711402
7,99996746644918
7,99997124722282
7,99996908530149
7,99997563299639
7,99997240307761
7,99996695779237
7,99996671466073

5,18886730358745
7,94436636420807
7,99986356009434
7,99984461887421
7,9998431127511
7,99982188836708
7,99985493734428
7,9998588985834
7,99984243207819

5,29095250449963
7,95069196593285
7,99739326450916
7,99722652464951
7,99710457987079
7,9974724907099
7,99739918509576
7,99753264138554
7,99741397423235

5,27078973589909
7,94874048325939
7,99842695934321
7,99847366148059
7,99860949979858
7,9985723109575
7,99853901281757
7,99849284113918
7,99842844571399

5,26147523808829
7,94761994509696
7,99895103936488
7,99885785540191
7,99897441093716
7,99896088949744
7,99894889450846
7,99892409713557
7,99896716458345

5,24963065642671
7,94730635041622
7,99926625994837
7,99920136287912
7,99920480956182
7,9992850894835
7,99915811620568
7,99927563523929
7,9992197821007

5,24627481905437
7,94657433404604
7,99939141158661
7,99932874779568
7,99935474657867
7,99939773571032
7,99927487222288
7,99935055522766
7,999315752029

5,28868055868515
7,94970086241012
7,99950993633815
7,99947198133043
7,99943579903016
7,99949868492634
7,99936637997692
7,99946000346114
7,99942715016838

5,27886184888353
7,94974529958093
7,99954000343346
7,99949812333533
7,99947507370453
7,99955465897016
7,999453780316
7,99950843809849
7,99948353010361

5,27450383320708
7,94949944374975
7,9995749057976
7,99956798857171
7,99951084036124
7,99956478018319
7,99950304388438
7,9995748429287
7,99953077225505

5,26485618926167
7,94880310911668
7,99961743297602
7,99959611765976
7,99953970291319
7,99958334013046
7,9995394205785
7,9996130724742
7,9995894961266

5,26424961246298
7,94897217354061
7,99961659074638
7,99961673638766
7,99958423561919
7,99958859294675
7,99958250877169
7,99963392597135
7,99959941176598

5,25890204851157
7,94911858960653
7,99961740950199
7,99962231310804
7,99961507613223
7,99960401594722
7,99960740745297
7,99966550148423
7,99961890625632

5,25160911500938
7,94876041265739
7,99963392369175
7,99964455022526
7,99965085137941
7,99962870812442
7,99963563938208
7,99968761352026
7,99964308813705

5,24649612456738
7,94830755600066
7,99963528897112
7,99965818394186
7,99967683638529
7,99963734817847
7,99965843709806
7,99970836483362
7,99966056475011

5,24625762448182
7,94825161967333
7,99965442284711
7,99967709031474
7,999701786942
7,99965271734051
7,99967762727242
7,99972303864934
7,99966605032901

5,24149260272899
7,9480621961184
7,999666517089
7,99968695480776
7,99970608500979
7,99965768997184
7,99968395415185
7,999730060491
7,99967454561254

5,23822597634574
7,94802374225655
7,99968979054795
7,99970093332119
7,99971581354477
7,999665806362
7,999702859852
7,99974737723163
7,99969323598967

5,23365788444893
7,94789607528349
7,99970010514232
7,9997111807068
7,99972741747362
7,99968710953907
7,9997151000883
7,99975502686407
7,99970416887893

5,22986314188344
7,94777076749233
7,9997163567085
7,99972022005029
7,99972116850587
7,99969778048411
7,99972559191268
7,99977549340529
7,99971670679283

5,2259704063221
7,94745390775884
7,99971269009064
7,99973104180464
7,99973822817827
7,99970250244663
7,99973680884841
7,99978296592128
7,99972572748089

5,22302898257777
7,94719314212828
7,99972225775216
7,99973877421931
7,99974797127713
7,99970123055208
7,99974488047216
7,99978265483887
7,9997264772859

5,22110081289006
7,94698074780598
7,99973072229606
7,99974826866305
7,99974342220421
7,99970152484477
7,9997514321627
7,99979095482372
7,99973999556595

5,21746830905375
7,94669269062771
7,9997426046879
7,99976277675242
7,99974931842739
7,9997090394183
7,99975586572691
7,99979474941337
7,99974175501027

5,22658098438722
7,94745496497747
7,99975255197644
7,99976701598584
7,99975217253872
7,99972174945857
7,99977009440836
7,99980330384255
7,9997538535928

5,22450276314039
7,94731640727913
7,99976004097976
7,99976716861517
7,99974783773766
7,99972906271484
7,99977713629603
7,99979850797253
7,99974681039578

5,22173553293654
7,94707570432513
7,99976482157292
7,99977189764372
7,99975105106912
7,9997360474979
7,99978388236617
7,99980036061418
7,99975642513883

5,21975812765692
7,94702276980695
7,99976874785873
7,99977628670611
7,99975196782183
7,99973214490724
7,99978667304254
7,9998075601063
7,99976173760203

5,21709495490722
7,94679892495207
7,99977639881916
7,99978016245087
7,99975830197829
7,99973660665562
7,99978715291198
7,99980924762926
7,99976322768273

5,21500294988151
7,94670262563145
7,99978177874875
7,99979002337342
7,99976649929892
7,99974060677016
7,99978995803643
7,99981279863831
7,9997713706643

5,21273331290893
7,94660382095235
7,99978394128039
7,999791495967
7,9997700920812
7,99974649984589
7,99979320883902
7,99981325391443
7,99976954414791

5,21076316543254
7,94643502010705
7,99979106754094
7,99979130368182
7,99976887277067
7,99974209628751
7,99980034144583
7,99980874756325
7,99976863889013

5,20885890554527
7,94626839916951
7,99979533184005
7,9997949757168
7,99977836547311
7,9997439300462
7,99980985601143
7,99980977510331
7,99977554882108

5,2075556576348
7,9460913976419
7,99979940613986
7,99979705058867
7,99978688096923
7,99975229613851
7,9998133016099
7,99981466784451
7,99977935171448

5,20591834479173
7,94595217455059
7,99980833752903
7,99979982710077
7,9997942999846
7,99975547967549
7,99981631505977
7,99981946986908
7,99978490892347

5,20566025232387
7,94593683610831
7,99980620082546
7,99980258878715
7,99979885621539
7,99976234833465
7,99981320329608
7,99981823913755
7,99978490961225

5,20402423359971
7,94573238494703
7,99980870539441
7,99980771665729
7,99980208340167
7,99976360940704
7,99981480263604
7,99982078212943
7,99978730440682

5,20409506537264
7,94576505280305
7,99981239119944
7,99980934074743
7,9998035790958
7,99976402611829
7,999821235948
7,99981886511225
7,99978283363175

5,20318989002948
7,94574460104915
7,99980881681236
7,99980966360689
7,99980361710538
7,99976766934553
7,99982116946236
7,99982005794722
7,99978332214975

5,20386033352328
7,945856848155
7,99981152574818
7,99981111002107
7,9998030112372
7,99977306993316
7,99982280368976
7,99982280335837
7,9997850799206

5,20275018124181
7,94580824489531
7,99981503669609
7,99981507206946
7,99980429588676
7,9997761514841
7,99982131489238
7,99982235759414
7,99978819326077

5,2012284807096
7,94571764944847
7,9998207772943
7,99981660324799
7,99980769311262
7,9997756060702
7,9998232269572
7,99982387352617
7,99979206964649

5,1992383464275
7,94553356822362
7,99982347244056
7,99981781496697
7,99981067177678
7,99978358741122
7,9998204555884
7,999827924076
7,99979610119735

5,19812392221807
7,94548828081269
7,99982967605684
7,99982272082352
7,9998129141159
7,9997866777527
7,99982261342289
7,99983039620968
7,9998001636895

5,19720501717094
7,9454683537709
7,99983135596655
7,99982024831046
7,99981811396349
7,99979256976181
7,9998245305868
7,99983158871722
7,99980146688213

5,19747233202432
7,94549885057575
7,99983301212145
7,99981755019797
7,99981943104491
7,99979533214879
7,99982607673541
7,99983451938792
7,99980330957678

5,19653222044074
7,94544031318877
7,99983620657048
7,9998176107027
7,99981843347159
7,99979376653407
7,99982740766633
7,99983275139962
7,99980231962913

5,19612075427315
7,94540614898182
7,99983619235129
7,99981479575058
7,99981647798309
7,99979192546486
7,99982925779257
7,9998335710358
7,99980344263276

5,1958840645251
7,9453818374524
7,99983904400895
7,99981349174746
7,99981866780884
7,99979441576601
7,99983093985541
7,99983482343354
7,99980724638554

5,19559560539619
7,94540009799976
7,99983788341729
7,99981186285767
7,99981753054424
7,99979297463206
7,99982903039846
7,99983560945921
7,99980770540252

5,19550638718118
7,94536746662752
7,99984032023194
7,99981692548543
7,99982085621246
7,99979784393974
7,99982995821999
7,99983877739884
7,99981257593957

5,19468908144519
7,94533732612866
7,99984050252648
7,99981844000845
7,99982362059421
7,99979848672255
7,99983005624426
7,9998395686932
7,99981393461537

5,28684721125872
7,95325727492452
7,99718842862617
7,99753914890518
7,99770844714864
7,99771841589946
7,99736466618356
7,99753210785672
7,99766635514045

5,26112224318324
7,95311389553308
7,99864855541149
7,9984611701664
7,99858954010954
7,99858733864904
7,9986615257069
7,99857041368313
7,99871122539729

5,24691389327552
7,952635961803
7,99899920806406
7,99891856430303
7,99894261619125
7,99899098458567
7,99904125287952
7,99887929937885
7,99891557487951

5,23142605272884
7,95127909122054
7,99926715055247
7,9991993432245
7,99919408827057
7,99918573645277
7,99921456783299
7,99915423088074
7,99921341753836

5,22863226840312
7,95071762937396
7,99936724334423
7,9993481743693
7,99928328034013
7,9993348362515
7,9993286052161
7,9993369336049
7,99939150617052

5,27816794311418
7,95441702149609
7,99945710836329
7,99945137275899
7,9993866470785
7,99949309780395
7,99943680384445
7,99941645667767
7,99946854238103

5,2678197920557
7,95404149888459
7,99954052885127
7,99953582322222
7,99947522164654
7,99951856271142
7,99950658942003
7,99948227029593
7,99953922968943

5,26160359799351
7,95368298595218
7,99957022941129
7,99956393796728
7,99947743202733
7,99953120491018
7,99955479652035
7,99956082205365
7,99960309758383

5,24974029785324
7,95317185344085
7,99961678856755
7,99960486471307
7,99951744472835
7,99958110847731
7,99958961588479
7,99958208030303
7,99961450441768

5,24895393628763
7,95340684543492
7,99964543698436
7,99961849355505
7,99954465521266
7,99960280899297
7,99960587196599
7,99961907920631
7,99963994284828

5,24348672054345
7,95332556392124
7,99967818033162
7,99963726329144
7,99957232144138
7,99961669013534
7,99963209747906
7,99963769736543
7,99965086345226

5,23525994085956
7,95289677377075
7,99970919298094
7,99966319459478
7,99958944290194
7,99965319111275
7,99964716562959
7,99965465089884
7,99967689601216

5,2298190552745
7,95235475841371
7,99971047326584
7,99969875464388
7,99960205944098
7,99966472985911
7,99966906518887
7,99967655134517
7,99969791906836

5,22987346939683
7,95230841266456
7,99972377859625
7,99970854037769
7,99963285737359
7,99968180479201
7,99969911050136
7,99970402122815
7,99972424417301

5,22442056774185
7,95202247609438
7,99973107962439
7,99972761899039
7,99964421046938
7,99970778660205
7,99972089258309
7,99972397188116
7,99974548661194

5,22150162357729
7,95202132963339
7,99974161968752
7,99973161815263
7,99965988063029
7,99973152400617
7,99972823817882
7,9997192703588
7,99975042855892

5,21670231116675
7,95166752432556
7,99973436225191
7,99973655774815
7,99967276825658
7,99974181252847
7,9997355253452
7,99972344398309
7,99975810850546

5,21240837022357
7,9513720836819
7,99975063218175
7,99973566402737
7,99968322627548
7,99973554300289
7,99974363628448
7,99972522053396
7,99976079205415

5,20808978683547
7,95097092872519
7,99976156824511
7,99973974452701
7,99970302312732
7,99975313495329
7,99974753837474
7,99973813571168
7,99976632336945

5,20506247173632
7,95071500160326
7,99975947526441
7,99974088575251
7,99969965758634
7,99975261956284
7,99975844082071
7,99974283993424
7,99976996471806

5,20268513847115
7,95046707166314
7,99976263879921
7,99973133067366
7,99969656095676
7,99975809450814
7,99976783081008
7,99975156594478
7,99978089211748

5,19862184669522
7,95025101536631
7,99976220218492
7,99974315695817
7,99970734834355
7,99975794296474
7,99977423396705
7,99976003043566
7,99978609934157

5,20882675592231
7,95103207229342
7,99976385006529
7,99974969263529
7,99971286808946
7,99976695825765
7,9997808775152
7,99976490486882
7,99978975678154

5,20635504782906
7,95092452526591
7,999769657618
7,99974985154694
7,99972229362884
7,99976963940741
7,99978363652033
7,99976603408324
7,99979633854696

5,20335510489841
7,95073855278479
7,99977934742778
7,99974964330729
7,99973204621522
7,99977017056746
7,99978887701834
7,99976560425083
7,99979534381622

5,20119570280385
7,95066662880047
7,99978004920623
7,99975501527391
7,99973446321361
7,99977598220991
7,99979289944136
7,9997640806753
7,99979825655728

5,19846578350673
7,95051342899228
7,99978869764828
7,99975944609273
7,99974132101817
7,99977922788821
7,99979768374212
7,99977580688479
7,99980776437165

5,19592685495265
7,95029268845011
7,9998013265131
7,99977076685036
7,99975409658297
7,99978303751198
7,99980178821
7,99978566834594
7,99981672666309

5,19362669141784
7,95009297157831
7,99980265817143
7,99977042882092
7,9997546681768
7,99978319885087
7,99979681532288
7,99978473816961
7,99981671559589

5,19136309800934
7,94985986835266
7,99980515742479
7,99977511168452
7,99975829844391
7,9997888532936
7,99979570250289
7,99978842413801
7,99981885783326

5,18926987703523
7,94970235982768
7,99981288825712
7,9997807768744
7,99976396274918
7,9997946412892
7,99979568121737
7,99979658553261
7,99982261125645

5,18770958408382
7,94951376084092
7,99981102701005
7,99978568105823
7,99977120206053
7,99979767741145
7,99979920550856
7,99980196644089
7,99982866815356

5,18592423700897
7,94932681381022
7,99981303247536
7,99979353714412
7,99978258375174
7,99980477568086
7,99980132521224
7,99980461484232
7,99982953078885

5,18575581169011
7,94935788677384
7,99981256609582
7,99979712907784
7,99978785197594
7,99980463644118
7,99980492343063
7,99980570862754
7,99983091447743

5,18395195012818
7,9491262466563
7,99981342842504
7,99979876309166
7,99978901276991
7,99980571073099
7,99980462753604
7,99980698647377
7,99983117983518

5,18363946378406
7,94909674876408
7,99981461591153
7,99980160871329
7,99979183598189
7,99980874652033
7,99980658146428
7,99980961852437
7,99983249408175

5,18258384757958
7,94908532643893
7,99981864193806
7,99980475430359
7,99979229039387
7,99980780618702
7,99980986813947
7,99981167485029
7,99983509480102

5,18339416297172
7,94911946516969
7,99982038302029
7,99980509448779
7,99979761421005
7,99980982432076
7,99981159906323
7,99981333449568
7,99983729773453

5,18235225262304
7,94905059228822
7,99982057736008
7,99980868088647
7,99979650957817
7,99981101519766
7,99981405507881
7,99981219081749
7,99983978905512

5,18080291694598
7,94891947269248
7,99982366163534
7,99981544189088
7,99980246387677
7,99981087033439
7,99981305720803
7,99981711474479
7,99984388563225

5,17871288247058
7,94874446662291
7,99982912093575
7,99981788639566
7,99980257459624
7,99981328140754
7,99981356780964
7,99981898277658
7,99984484388784

5,17745814956308
7,94867629964988
7,9998324066301
7,99981847294406
7,99980646927505
7,99981351411026
7,99981541839096
7,99982072814908
7,99984540931083

5,17656416897652
7,94865043922783
7,99983372116554
7,99982069808154
7,99980556501249
7,99981838923569
7,99982131706463
7,99982269009852
7,99984928133995

5,17709637482072
7,94869123933739
7,99983582085855
7,999822129995
7,99980841050097
7,99982181458566
7,99982137636449
7,99982328278718
7,99985125898477

5,1760627317047
7,94859226088315
7,99983507304435
7,99982275663005
7,99981071527346
7,9998230258105
7,99982207556445
7,99982483580805
7,99985380341645

5,17555875153336
7,9485998852241
7,99983380692519
7,99982496076461
7,99980994179595
7,99982390784275
7,99982057665156
7,99982305818782
7,99985121013198

5,17529096911052
7,94855810557972
7,99983663425328
7,99982625442195
7,99981061167512
7,99982780553077
7,99982160973924
7,9998224283191
7,9998504895598

5,17494040719517
7,94851948790282
7,99983674462903
7,99982554711888
7,99980959871566
7,99982790437807
7,99982237488561
7,99982136096861
7,9998513370502

5,174920153961
7,94848576920788
7,9998388418479
7,999825078326
7,99981210598698
7,99983040156878
7,99982462413802
7,99982096027387
7,99985111133798

5,17420478925422
7,94839614521997
7,99983983296596
7,9998260387439
7,99981677731241
7,9998322748376
7,9998211205927
7,99982301086996
7,99985186068122

5,31542172158752
7,9494771689531
7,99733296845011
7,99763339988159
7,99736604064746
7,99738521575639
7,99726409300213
7,99769928509511
7,99741949368874

5,29307110349862
7,94871795455609
7,99863540926195
7,99863210699384
7,99861377184055
7,9986000136555
7,99856484780153
7,99848831963553
7,99859808943769

5,28171302059998
7,94904872281289
7,99901366822823
7,99906696748181
7,99904490074077
7,99894218913975
7,99903651811719
7,99893821731523
7,99903066099376

5,26795864686246
7,94831022497893
7,99924077489769
7,99920886034188
7,99920734837481
7,99915200101966
7,9992198407939
7,99914011627982
7,99918619047462

5,26416114108559
7,94739636554579
7,99929480266277
7,99936946123867
7,99933063680066
7,99929478881248
7,99934933081262
7,99925959328756
7,99929426209476

5,31052275199589
7,95060004516616
7,99941734687215
7,99948875701813
7,99939439063201
7,99943370943783
7,9994768956506
7,99939154257667
7,99939914253949

5,30049612987549
7,95038760236119
7,99947576814228
7,99955461280874
7,99944348509059
7,99949108543032
7,99955443293339
7,99943293436461
7,99943404250176

5,29471511428567
7,9502041153773
7,9995133753388
7,99959373509427
7,99948546944462
7,99952110034804
7,99960786868313
7,99948046042234
7,9994951365807

5,28371136816571
7,94950299402456
7,99957921284405
7,9996392413351
7,99952369814296
7,99955758966268
7,99964957416458
7,99952942596888
7,9995398168204

5,28340744757365
7,94965330600473
7,99959333350281
7,99964360159717
7,9995485972216
7,99958857373726
7,99964835740936
7,99955728116719
7,99955932619338

5,27827248898596
7,94965074803204
7,99961652864697
7,9996694581473
7,99960053789638
7,99960551000389
7,99966938753922
7,99959632947142
7,99960299802483

5,27042431791865
7,94933935317128
7,99963757853441
7,99969508932738
7,99962885318504
7,99964790289644
7,99967636108714
7,99960926332626
7,99961959282052

5,26498326110173
7,94892147067359
7,99965914277819
7,99970955733703
7,99966128844418
7,99965677451463
7,99969903008077
7,99964610603332
7,99964555903579

5,26493764059831
7,94894365078672
7,99968392717063
7,99972407786426
7,99968401285459
7,99967681508412
7,99970955311821
7,99967624307315
7,99967241797347

5,26004291822651
7,94861724450497
7,99970323774101
7,99973661559848
7,99969779197738
7,99968439293766
7,99972238301942
7,99969070312798
7,99968064986641

5,25678243728983
7,94842397104841
7,9997183925707
7,99974146694637
7,99970185385314
7,99968664228675
7,99973452610029
7,99970478361647
7,99968251907176

5,252010954201
7,94809227581189
7,99972105873023
7,99975582041882
7,99971416377045
7,99969488093786
7,99973813002589
7,99971881615793
7,99969329758243

5,24799414139545
7,94776595316763
7,99972501955278
7,99975194049109
7,99972182020698
7,99970864790068
7,99973754704359
7,99971828505708
7,9996997548159

5,24372562163969
7,94748038778198
7,9997311147119
7,99976190660622
7,99972757410393
7,9997274924245
7,99974248070827
7,99972491758702
7,99971012522887

5,24071996376897
7,94719240350806
7,99973616947058
7,99975772001764
7,99973254695829
7,99973231282856
7,99975053792023
7,99973543415197
7,99972445088393

5,23858045961605
7,94692690380281
7,99974009413449
7,99976309347954
7,99974309328589
7,99973898087461
7,99975452567699
7,99973699248612
7,99973212414138

5,2346257248353
7,94670168197009
7,99974084234874
7,9997714734999
7,99975117934068
7,99973806600992
7,99975734386448
7,99975549119603
7,9997506472395

5,24424976330032
7,94734811388903
7,99974627728833
7,99977931626833
7,99976836036867
7,99975011849388
7,99976265279273
7,99976400406681
7,99975979708365

5,24188703296743
7,94715500200142
7,9997567724014
7,99978721143551
7,99977143142703
7,99975942051274
7,99976953366674
7,99977590448933
7,99977146506329

5,23885555816783
7,94698504268222
7,99975787440472
7,99978464027814
7,99978246353442
7,99976400896815
7,9997747485099
7,9997783490258
7,99977190358576

5,23683639893898
7,94691912527543
7,9997592884743
7,99978722314928
7,99979863239944
7,99976460610095
7,99977659907784
7,99977358866328
7,9997658247665

5,23423793448672
7,94666273506778
7,99976625718496
7,99979143837203
7,99980181535679
7,99976842067514
7,99977566827376
7,99977781674067
7,99977384401752

5,2320180561075
7,94643492902869
7,99977252671299
7,99980061914684
7,99980695947674
7,99977931040051
7,99978660109239
7,99978821943216
7,99978660331126

5,22977964783069
7,94628689620461
7,99977350259312
7,99980510748605
7,99980726792241
7,99977981195458
7,99979035998717
7,99978830316558
7,99978625337452

5,22772764725143
7,94610539806864
7,9997746188235
7,99981331896226
7,99980696306245
7,99977922851965
7,99979493843654
7,99978939736361
7,99979023917912

5,22570502372806
7,9459870560813
7,99977965260257
7,99981230172564
7,99981127708508
7,99978239933699
7,99980281860026
7,99978866763217
7,99978629019959

5,22427964834768
7,94585937389305
7,99978642325974
7,99981310877541
7,99981523042702
7,99978071191986
7,9998078106474
7,99978910326382
7,99978367492337

5,22251528906656
7,94564325064656
7,99978918870255
7,99982031070194
7,99982182504554
7,99978909767267
7,99980871145428
7,9997916371468
7,99978709035208

5,2222485768166
7,94565855515812
7,99978652027071
7,99982330413669
7,99982207625817
7,99979073160167
7,99981094831116
7,99979179335552
7,99978636767869

5,22050988497947
7,94549443671343
7,99979044577196
7,99982071728357
7,99982448433618
7,99979006590146
7,9998169219504
7,99978945768676
7,99978682588543

5,22036827722181
7,94551857484887
7,99978843777221
7,99982418263783
7,99982356460169
7,99979250154233
7,99982305310416
7,99979297936923
7,99979198767863

5,21938675252042
7,94550193465951
7,99978854766194
7,99982505266902
7,99982251148134
7,99979302754087
7,99982562496784
7,99979360274416
7,99979084153558

5,22016871214688
7,9455290138161
7,99979319291065
7,99982384015832
7,99982706927132
7,9997926647275
7,99983202199062
7,99979815204172
7,99979604383536

5,21911463083873
7,94546671826494
7,99979458232888
7,99981974254894
7,99982464773519
7,99979263862821
7,99983184662579
7,99979766322688
7,99979637218087

5,21754112515136
7,94536482671471
7,99979288712403
7,99982358984549
7,99982553944859
7,99979089915769
7,99983241899015
7,99980049890246
7,99979881291272

5,21558362859312
7,94523104809597
7,99979316305092
7,99982676031279
7,99983018628164
7,99979583008652
7,99983459906429
7,99980210678794
7,99980393630146

5,21438599796305
7,94512882599887
7,99979436270191
7,99983119176237
7,99983084748938
7,99980114061096
7,99983798100984
7,9998073680223
7,99980644029891

5,21347683556044
7,94516740199268
7,9997984350328
7,99983400293262
7,99983410723361
7,9998043025116
7,99983910897369
7,99981091493624
7,99980814628329

5,21386032700354
7,94518904095666
7,99980086792348
7,99983527343961
7,99983659168451
7,99980399169125
7,99984030804243
7,99981441387327
7,99981112355168

5,21283800308025
7,94507501789667
7,99979847795165
7,99983711554927
7,99983756635605
7,99980272307466
7,99984147757743
7,99981437992655
7,99981012860273

5,21229767389433
7,94503969464927
7,99980182387517
7,99983580450976
7,99983736137868
7,99980322262487
7,99983930021224
7,99981767192759
7,99981208401578

5,21206987053709
7,94499395394463
7,99980427749135
7,99983841437929
7,9998394619416
7,99980741558287
7,99983968856394
7,99981933518169
7,99981384538631

5,21183629556444
7,94495564063306
7,99980401209335
7,99983895988638
7,99983974251208
7,99980941228497
7,9998396621463
7,99981846644826
7,99981229403779

5,21177227922616
7,94499473148192
7,99980796737131
7,99984043945538
7,99984071180317
7,99981279823472
7,99984117390009
7,9998216310437
7,99981552510533

5,21107815136819
7,94489274497218
7,99980780195267
7,99984110518889
7,99984290081012
7,99981510496106
7,99984215416409
7,999823741181
7,99981834325685

5,16161376020517
7,95423067261748
7,99761615822649
7,99745188258494
7,99715097481365
7,997873679664
7,99737306528471
7,99684408196347
7,9967367408407

5,13673718070848
7,95473842354856
7,99878440786139
7,99877084299437
7,99858011794511
7,99880079031776
7,99849816668737
7,9984067143007
7,99833257377904

5,12514225506742
7,95350792138937
7,99910096682926
7,99902674714428
7,99900271260161
7,99910580658289
7,99901881769319
7,99889312765538
7,99885249698754

5,11139266309996
7,95263147133183
7,99916647818612
7,99929957815217
7,99923755097382
7,9992821956675
7,99922179491455
7,99912179450003
7,9991539471792

5,10880817013369
7,95149552747431
7,999316578614
7,99944709237458
7,99939167505979
7,99943803307782
7,99932817113685
7,99925725744331
7,99931160296907

5,1540409452674
7,95430917217255
7,99941496073734
7,999520579568
7,99947576242482
7,99951759514298
7,99945194446873
7,99936885391697
7,99943991677781

5,14379631041665
7,95424531226286
7,99946150802682
7,99956291201302
7,99950347460472
7,99955834005599
7,99951328947395
7,99939867546964
7,99948354105969

5,13666930144448
7,9541382606684
7,99950366967471
7,99960118668131
7,999496716702
7,99957570026205
7,99955961035212
7,99943999853363
7,99952570448843

5,12540970014721
7,95327440093961
7,99956090510858
7,99963703047176
7,99957559833164
7,9996160524558
7,99959430924019
7,99949411846478
7,99958240787665

5,12489470795854
7,95336075328354
7,99958396390879
7,99965125614533
7,99958901442467
7,99962063184458
7,99964095615626
7,99954301057472
7,99960505642474

5,11956686609337
7,9533708690886
7,99959455503285
7,9996731375796
7,99960054688749
7,99964683066272
7,99965803111328
7,99958461954151
7,99963356811357

5,11179474369665
7,95306919319106
7,99962263134325
7,99971021508416
7,99962475195397
7,99967236095542
7,99968757768566
7,99962205189396
7,99966747737819

5,10686578545389
7,95275854207258
7,99964952457939
7,99972530981585
7,99964661734015
7,99966874170691
7,99971020208142
7,99962033838964
7,99966450469933

5,10752081713363
7,95255515740539
7,99966835370434
7,99973020447513
7,99966672484656
7,99969622314029
7,99972795418349
7,99964588534346
7,99968715444655

5,10226342065272
7,95212920607601
7,99968023973756
7,99973237778575
7,99968028122565
7,9997077302358
7,99973850062431
7,99966453599117
7,99969935554231

5,09924108132403
7,95210507091913
7,99967902619514
7,99973561850546
7,99969268306741
7,99972295959903
7,9997412900754
7,99967261236089
7,99970579373235

5,09449743298465
7,95205441186886
7,99968996646418
7,99975134943028
7,99969799432982
7,99972630225567
7,99975368031007
7,99968081095809
7,99971040332853

5,09018330298074
7,95185909555873
7,99970913896971
7,9997580996178
7,99969938883914
7,99973354378601
7,99976639344188
7,99969000795422
7,99972068058194

5,08605196829433
7,95156150561835
7,99972513415025
7,99976950120044
7,99970515200566
7,99973896221438
7,99977514445189
7,99969967791109
7,99973191960006

5,08312606842747
7,95122513540438
7,99973319491965
7,9997796217634
7,99971182888465
7,99974837061092
7,99978034403986
7,99970983857779
7,99974054782455

5,08099346991504
7,95114521812649
7,99974046132201
7,99978163714674
7,99971109663414
7,99974696275447
7,99978870665361
7,99970561687378
7,99973656566435

5,07761603037638
7,95098502430811
7,99974467475436
7,99979300956855
7,99971054788423
7,99974901266754
7,99979875400769
7,99970806907294
7,99973784597995

5,08735173651385
7,95154700640794
7,99974779930827
7,99980498710438
7,99972158431569
7,9997594891814
7,99980463602685
7,9997174423186
7,99974566873977

5,08540388509265
7,95133929406426
7,99974990827851
7,9998068031185
7,99972387855933
7,99976538876105
7,99980140954703
7,99971660704467
7,99974178908934

5,0824139334907
7,95118556075872
7,99974573805131
7,99980686106196
7,9997255474558
7,99977351646904
7,99980320026083
7,99972728102837
7,99975143513045

5,08049032925096
7,9511674799594
7,99974898407697
7,99980938051232
7,99972759080882
7,99977489796394
7,99980422612176
7,99973261007702
7,99975616863129

5,0779412826434
7,9510834462037
7,999756428719
7,99981180333147
7,99973406383308
7,99977543957069
7,99980786279907
7,99974165794254
7,99976319767624

5,07572949920721
7,95090421172592
7,99976129741869
7,99980844359356
7,99974486501405
7,99978041763724
7,99981132581191
7,99975614042929
7,99977456104979

5,07355638951909
7,95072474677196
7,99976917046615
7,99980707151342
7,99974265156666
7,99978403097597
7,99980892477425
7,99975883757226
7,99977536875875

5,07163268976925
7,95053592749055
7,99977223028315
7,99980850394898
7,99974439150035
7,99978535994946
7,99981119223713
7,9997626057065
7,99978277124385

5,06955869818222
7,95034819129402
7,99977582034566
7,99980896119716
7,99975481022469
7,99979140431454
7,99981681322726
7,9997672274234
7,99978686276622

5,06820724658456
7,95021639708197
7,99977542838759
7,99980972214609
7,99976112198042
7,99979753210155
7,99981762963142
7,99977229377125
7,99979016802597

5,06658163123477
7,95002478459216
7,99977805406093
7,99981738341333
7,99976561663875
7,99980347657617
7,99982522927593
7,99977693025254
7,9997951328984

5,06655863582307
7,95009456160882
7,99977348540873
7,9998158435177
7,99976845964355
7,99980776882417
7,99982459657509
7,99977917629366
7,99979427212123

5,06481515060229
7,94986059083362
7,99977485964076
7,99981796563944
7,99977164835938
7,99980847863038
7,99982574558572
7,99977928450563
7,99979256709343

5,0648015190274
7,94984028838713
7,99977398264448
7,99981789071967
7,99976805679347
7,99981019642247
7,99982835713543
7,99978054098853
7,9997935974885

5,06403347772132
7,94984871008561
7,99977894008291
7,99981709337012
7,99977067036798
7,99981422636207
7,99982930966502
7,99978283592046
7,9997922124276

5,06471385063
7,94987250764236
7,999780665718
7,99981980821129
7,99977362355181
7,99981935020889
7,99983027502572
7,99978659941464
7,99979443502929

5,06379853391322
7,94984252543294
7,99978254051238
7,9998194170477
7,9997768834819
7,99981918532622
7,99982982902026
7,99978569303878
7,99979560592886

5,06225954515566
7,94975614567141
7,9997826939315
7,99982238966997
7,99977754046445
7,99982256607914
7,99982909274156
7,99978793106593
7,99979716423148

5,06029623939171
7,94963559958344
7,99978588458768
7,99982659331457
7,99978213623123
7,99982572571642
7,99983228507578
7,99979362968924
7,99980165907163

5,05904907816537
7,94962587119837
7,99978837153664
7,99982760783943
7,99978019243881
7,99982484884966
7,999832660138
7,99979317883252
7,99980234593864

5,05821469201095
7,94964661199375
7,99979439916273
7,99982952598463
7,99978233638804
7,99982481825186
7,99983718519357
7,99979548198794
7,99980376684324

5,05851937503147
7,94965821137489
7,99979772888168
7,99983133955171
7,99978409863651
7,99982764278166
7,99983901161621
7,99979868837059
7,99980971489642

5,05748181311521
7,94951357951013
7,99979905175628
7,99982825498113
7,99978654581565
7,99982623340163
7,99983703292135
7,99980505112717
7,99981539789499

5,05684150875684
7,94949262920593
7,99980026713138
7,99982950481029
7,99978604052051
7,9998289709628
7,99983718563154
7,99980287329699
7,99981468971253

5,05653814895495
7,94954799095235
7,999801001176
7,99982849330077
7,99978944195111
7,99983016204958
7,99983946650174
7,99980241647119
7,99981326564073

5,05628496096063
7,94953539625324
7,99980059524762
7,99982779234519
7,99978820612319
7,99983099819845
7,99983827005884
7,99980481879853
7,99981368303926

5,05625107929095
7,94955910808899
7,99980254795618
7,99983122500216
7,99979113147325
7,99983309965201
7,99984171685012
7,99980953078228
7,99981709579101

5,0555619040747
7,94946959983666
7,99980122938917
7,99983535124665
7,99979315045493
7,99983237364245
7,99984437410279
7,99981201933617
7,99981786120496

5,25552404965402
7,95230090214694
7,99738294148749
7,99726244605883
7,99734028040107
7,99749772129979
7,99788239946808
7,9974479998046
7,99763042444401

5,22240960643871
7,95089041284323
7,99865717882935
7,998310040542
7,99865085681706
7,99878837993556
7,99863485197611
7,99855744996301
7,99875341696188

5,20781049019173
7,95086757905377
7,99901365391438
7,99888769099038
7,99898241476337
7,99914437863195
7,99904373634376
7,9990093140961
7,9991396461206

5,18942837436107
7,94989058631275
7,99920528868407
7,99912428111189
7,99920646444441
7,99932148656593
7,9992269011799
7,9992137827411
7,99928729335728

5,18531358540761
7,94922720922206
7,99931677820603
7,9992720853394
7,99939572368598
7,99941717243582
7,99936468759182
7,99933042808472
7,99934600733432

5,2471653735135
7,95170935380854
7,9994186537337
7,9993790675758
7,99950503572076
7,99948227253443
7,99943601313064
7,99942309508995
7,99941684787815

5,23436429516003
7,95129493366409
7,9994786790747
7,99939177483349
7,99954967832005
7,99951924072157
7,99949735111017
7,99950362236843
7,99948481347405

5,22639480028727
7,95077725526424
7,99951165671964
7,99947627206718
7,99955203366933
7,99955487932533
7,99951468285017
7,99952104613417
7,99952124113894

5,21226335551111
7,95004183198632
7,99954379183164
7,99951654861919
7,99959900129588
7,99958883919019
7,99952541641626
7,9995651318129
7,99955686119891

5,21142937901037
7,94987644180768
7,99957198543842
7,99955312891355
7,99964099503716
7,99960109817856
7,99953454617115
7,99958770721308
7,9995737365056

5,20481000540493
7,94974181259184
7,99960650369694
7,99959133741761
7,99966022764987
7,99961712679367
7,99955019577185
7,9995998475876
7,9995760523971

5,19457482651088
7,94939422792528
7,99963896930716
7,99960756888952
7,99967961862474
7,99964316141034
7,9995872751124
7,9996303775503
7,99960429732678

5,18789957318883
7,94885471788437
7,99965921571194
7,99961805264522
7,99970081788361
7,9996551854548
7,99961048546227
7,99964599201705
7,99962815068193

5,18828067559084
7,94880160867617
7,99966743661946
7,99963903767149
7,99970627622705
7,9996650664403
7,99961718006553
7,99965307379409
7,9996359130874

5,18152119878378
7,94847478715546
7,99969685822505
7,9996510208879
7,99972080982193
7,9996786163386
7,99963968328976
7,99967578683774
7,99965300906928

5,17805136465092
7,94839111480544
7,99972730417548
7,9996729699449
7,99973567342034
7,99969118878362
7,99965646942922
7,99969308849865
7,99966774291979

5,17193526047497
7,94805856171276
7,99973477256436
7,99968943343767
7,99974696322736
7,99971065715692
7,99967186915512
7,99970628241269
7,99967970763605

5,16658885570894
7,94774402007747
7,99974386317322
7,99970186455134
7,99975344727943
7,99971884906403
7,9996871962356
7,9997170046655
7,99968953929088

5,16105965292196
7,94756957800841
7,99974309116952
7,99971260541234
7,99975559087306
7,99972920432524
7,99969634507409
7,9997246516612
7,99970157650274

5,15703627864918
7,94722400728861
7,99974942530856
7,99972010772443
7,99976627096964
7,99973103245204
7,99970631542027
7,99973853752445
7,99970984601733

5,15418942533234
7,94690997925793
7,99974984753537
7,99972681572823
7,99976440651594
7,99973849971951
7,99971548086416
7,99974203241649
7,99971530691359

5,14912978903994
7,94673922992813
7,99975100326565
7,99972789991052
7,99976497747132
7,99974783428585
7,99972183835965
7,99974704460547
7,9997160603352

5,16236668382847
7,94729281520387
7,9997678206087
7,99973623481782
7,99977842387157
7,9997508160932
7,99973395390075
7,99975464748019
7,99971798926753

5,15925545982786
7,94712846784991
7,999770553591
7,99973997452449
7,99978557055728
7,99975468948707
7,99973860198871
7,99976465405354
7,99973008364965

5,15538405197533
7,94690933688046
7,99977645703742
7,99975040290225
7,99979389036882
7,99975795662999
7,99974371884852
7,99977184757929
7,99973576767335

5,15260476986088
7,94683045661602
7,99978227305716
7,99975808952018
7,99979218353183
7,99976347342902
7,99974716409174
7,99977985719635
7,99974130889572

5,14929144163602
7,94675241433306
7,99977844469888
7,99976889317084
7,99979145576407
7,99976513124563
7,99975487717274
7,99977772988394
7,99974099249444

5,14626284113566
7,94657734986671
7,99977967213219
7,99977728285129
7,99979796687209
7,99977386480597
7,99976073657389
7,99978450173105
7,9997517481741

5,14338945929828
7,94640556405251
7,99978651977427
7,99978211983863
7,99980070926549
7,99977608376383
7,99976372859354
7,9997791888562
7,99974790638734

5,14071362775831
7,94628976566625
7,99978583740624
7,99978522422973
7,99980655566977
7,9997764124178
7,9997616393681
7,9997775577251
7,99974887931846

5,13803568526818
7,94615271852472
7,99979587688992
7,99978920111698
7,99981414603256
7,99978061360737
7,999766645622
7,99978363706601
7,99975016697564

5,13608996795729
7,94603704846026
7,99979807449484
7,99979138704897
7,99981559926406
7,99978283578024
7,99976257215612
7,99978714610996
7,99975355574214

5,13379154005412
7,94587525164283
7,9998028033597
7,99979405786347
7,99981787339447
7,99978556948444
7,99976663751192
7,9997940240103
7,99976050020852

5,13379377537471
7,94592393912095
7,99980837611776
7,99979639509904
7,99981947325372
7,99978853986713
7,99977139752506
7,999794250821
7,99976105009476

5,13173203493474
7,94576416679857
7,99981199897224
7,99979628441085
7,99982521290463
7,99979082129166
7,99977866835202
7,99979475979103
7,99976244127169

5,13148536774435
7,94572774165026
7,99981508845852
7,99979810089088
7,99982626515478
7,99978973589574
7,99977703154723
7,99979354786153
7,99976368998571

5,13026662392843
7,94573290127972
7,99981612413915
7,9998008521397
7,99982678938199
7,9997851943231
7,99977776480622
7,99979473927629
7,9997652216432

5,13152538710455
7,94579518162489
7,99982566311182
7,99980181220211
7,99982714982866
7,99978923786898
7,99978238157503
7,99979670031492
7,99976788566083

5,13038874316359
7,94578356956219
7,99982287091139
7,99980163797891
7,99982361271181
7,99978564624253
7,99978408614033
7,99979716386903
7,99976795373833

5,12848520420491
7,94566393588951
7,9998259225856
7,99980278875074
7,99982399842885
7,99979411347238
7,99978810092228
7,99980066275015
7,99977075720125

5,12601007904455
7,9454814647749
7,99982902951616
7,99980790530988
7,99982879090088
7,99980248776331
7,99979147817862
7,99980796541005
7,99977760967607

5,12428569198711
7,94542378597032
7,99982962999457
7,99980847288655
7,99982725280298
7,9998040537537
7,99979178472809
7,99980961993927
7,99977895575926

5,12299101093067
7,94548221546274
7,99983207008571
7,99981164351128
7,99982358700902
7,99980652114027
7,99979305356362
7,99981191572996
7,99978257231098

5,12364512228221
7,94549619686582
7,99983004769007
7,99980987968614
7,99982790185032
7,99980838100421
7,99979267636212
7,99981167072964
7,99978545867878

5,12243118072675
7,94541721219752
7,99982742531346
7,99981174939863
7,99982771889949
7,99981285696961
7,99979344369375
7,99981029568311
7,99978414030453

5,12167088590796
7,94539575926802
7,99982808187996
7,99981451679938
7,99982995839766
7,9998098842957
7,99978981845264
7,99980927605121
7,9997849769107

5,12119459253168
7,94539636904401
7,99982840872452
7,99981343795988
7,99983040859022
7,99981057196828
7,99979155798779
7,99981132317815
7,99978898927854

5,12081732317453
7,9453754284548
7,9998332744542
7,99981589331124
7,99983235028657
7,99980952155085
7,99979081788158
7,99981314892195
7,999790147935

5,12073701417939
7,94535212608649
7,99983534701066
7,99981938227252
7,99983433982668
7,9998101986793
7,99978993809389
7,99981774282509
7,99979507998412

5,11984801831963
7,94529230327292
7,99983765913755
7,99982257316044
7,99983299292421
7,99981147542633
7,99978843663004
7,99981819425006
7,99979628060834

5,25395156006567
7,94670618551766
7,99730387335873
7,99773464687374
7,99767856279742
7,99714246341568
7,99718339625551
7,99750984361161
7,99730816096035

5,23668779411159
7,94644733444213
7,99847465093137
7,99873060742408
7,99864585949424
7,9984508226263
7,99879435255732
7,99863273427934
7,99852030359736

5,22740375116065
7,94529367436202
7,99894560904226
7,99905938463044
7,99896580075952
7,99896871549721
7,99904751227866
7,99905184499576
7,99893060493836

5,21554569774635
7,94471846173859
7,99925877660765
7,99927056904182
7,99922286228124
7,99925064473207
7,99928082678807
7,99924467907157
7,99919675534553

5,21285123542531
7,94441179519968
7,999369201643
7,99931592061102
7,99935969212033
7,9993409203459
7,99941613284497
7,99931430215534
7,99931784721324

5,25171435034332
7,94752113235858
7,99944433872155
7,99941079289459
7,99947204619122
7,99943483494702
7,99950687491285
7,99941905430529
7,99942558113583

5,24286207194784
7,94728437920961
7,99949381684927
7,99950757453761
7,99951894564579
7,99950042358372
7,99953953062017
7,99949333101502
7,9995237036001

5,23847752927661
7,94717920034057
7,9995392361395
7,99957168236001
7,99954843604757
7,99952709850559
7,99956246059369
7,99952699155907
7,99954342588028

5,22938571184556
7,94651565904877
7,99957623597335
7,99959474221397
7,99960755290231
7,99955712845894
7,99958264560182
7,99956947919385
7,99957644150342

5,22875757257654
7,9466575223222
7,99960104885528
7,99960557400215
7,99962275261193
7,99958760196041
7,99960497025134
7,99961040418664
7,99961605037703

5,2236427015559
7,94688060853919
7,99962867732284
7,99962197096815
7,99963611830587
7,9996284113303
7,99963773200438
7,99961658535715
7,99962148660002

5,21670716806128
7,9465363199996
7,99966319926829
7,99964950625596
7,9996496243099
7,99965744988165
7,9996737691804
7,99962599719896
7,99963327670197

5,21247537500754
7,94598049255108
7,99967734157006
7,99967245130438
7,99966726329989
7,99967211908774
7,99969543894168
7,99965112446529
7,99965667022731

5,21278800503877
7,94572618154988
7,99969128393419
7,99968731564827
7,99968242578207
7,99968389865705
7,99971130806665
7,99966665409733
7,99966555143658

5,20858273180493
7,94551342245177
7,99968702773568
7,99970466323098
7,9996923706297
7,99970367382593
7,99973091869343
7,99967325721223
7,99967422640681

5,20577182704399
7,94547633232181
7,9997040490852
7,99970488694571
7,99970327784249
7,99971238479319
7,99973483317938
7,99969187232109
7,99969742388063

5,20181500865779
7,94518029907248
7,99971955887661
7,99971236865555
7,99971287752732
7,99971671340567
7,99973708173222
7,99971228105672
7,99972418878139

5,19828047538104
7,94505089589499
7,99974066142445
7,99971994368869
7,99971906639555
7,99973253480557
7,99974397307942
7,9997253928467
7,99973785643107

5,19472630450179
7,94489738042638
7,99975169925964
7,99973255535077
7,99973269999113
7,99974063946292
7,9997517849481
7,9997293731452
7,99973754842192

5,19241086550063
7,94465147916114
7,99976040293283
7,99974221685025
7,99973677053127
7,99973864898264
7,99975529594794
7,99973839681169
7,99974692276963

5,1908043262641
7,94447724487636
7,99976445514234
7,99974400845765
7,99974572997268
7,9997380999504
7,99976236496741
7,99974621246791
7,99974688945552

5,18777003303229
7,9442390661893
7,99976567104128
7,9997486591942
7,99974885768105
7,9997445260513
7,99976912532518
7,99974357659667
7,99974911630851

5,19566021982766
7,94493269748938
7,99976629347552
7,9997566071448
7,99975466277257
7,999746054983
7,99977175190888
7,99975285362959
7,99976221787644

5,19397888773143
7,94470732210512
7,99976847818709
7,99976117000616
7,99976246145411
7,99974658690987
7,99976693172208
7,99975441686219
7,99976862117611

5,19138420640607
7,94452008860168
7,99977199856268
7,99976455813921
7,99976513339862
7,99975177937508
7,99976983554509
7,99976228132309
7,99977395629013

5,18954909375523
7,94441409305355
7,99978017183279
7,99977432961717
7,9997688407002
7,9997549518413
7,99977569347042
7,99976877519503
7,99977905337931

5,18715265799172
7,94426694970014
7,99978577721391
7,99977871397295
7,99977148086269
7,999762059883
7,99977624470414
7,99977289477552
7,99978290870442

5,18511260059249
7,94408266634501
7,99978673305628
7,99978413166459
7,99977455951735
7,99977197020489
7,99978102203575
7,99977903693457
7,99978973726148

5,183189068575
7,94391861829012
7,99978820685133
7,9997840085714
7,99978005801803
7,99977429874263
7,99978477240935
7,99978190119133
7,99979268037151

5,18143329911601
7,94369560543356
7,99978964933544
7,99978496781966
7,99977686866768
7,99977551183902
7,99978341217662
7,99978632360827
7,99979890438104

5,17974867209267
7,94364291862368
7,99979741404068
7,99979443757996
7,99978347334892
7,99978698263685
7,99978854492541
7,99978548451478
7,99980039693612

5,17859962686763
7,94342433513178
7,99979946852668
7,9997995889895
7,99978556944817
7,99979007762244
7,99979262508826
7,99978803916382
7,99980260237892

5,17717228431444
7,94321447163949
7,9998027058337
7,99980287987169
7,9997921367583
7,99979076900174
7,99979670934655
7,99979170622553
7,9998055810124

5,17700218702911
7,94326890360829
7,99980843539743
7,99980280623586
7,99979250167552
7,9997945671954
7,99979572920502
7,99979509552408
7,9998074371806

5,17549151597155
7,94305085478998
7,99980810206127
7,99980740645678
7,99979580550843
7,99979811833514
7,99980139854439
7,9997989085197
7,99980943730109

5,17546504804108
7,94300474377514
7,99980903859654
7,99980828723861
7,99979950420002
7,9997949474724
7,99980145252645
7,99980252449406
7,99980751263188

5,17478002483474
7,9429408886895
7,99980858493162
7,99980921389396
7,99980451737843
7,99979110769036
7,99979673860756
7,99980795526175
7,99981059011676

5,17523491875734
7,94302650388513
7,99981267400912
7,99981200436026
7,9998070853082
7,99979636602309
7,99979933998927
7,99981168581148
7,99981345582507

5,17434257975857
7,94298586519311
7,99981578626388
7,999814830409
7,99980589431437
7,99979556749796
7,99979476252566
7,99981201046671
7,99980997460849

5,17304894519656
7,94292767642696
7,99982122600569
7,9998142981243
7,99980798647011
7,99980185270839
7,99979527311296
7,99981135774877
7,99980757290681

5,17132011150076
7,94280797896146
7,99982362885624
7,99981562391921
7,99980942675801
7,99980611161383
7,99979814999955
7,99981087819174
7,99980699159427

5,1703800399753
7,94273812940009
7,99982338574566
7,99981523679414
7,99981034261806
7,99981075854464
7,99979450714789
7,99981237478841
7,99981045191572

5,16957084330233
7,94272727910158
7,99982943729601
7,99981904382993
7,99981008159722
7,99981256706306
7,99979745651417
7,99981527736567
7,99981274207015

5,16982043988884
7,9427859301383
7,99983233508779
7,9998217394477
7,99980922817632
7,99981704161753
7,99979891441711
7,99981674345768
7,99981333598479

5,16905400728362
7,94267205091975
7,99982716855296
7,99982264200836
7,99981094108042
7,99981437063953
7,99979909824991
7,99981771811095
7,99981281986487

5,16872656860345
7,94262236957738
7,99982793893318
7,99982602718858
7,99980907115379
7,99981264152913
7,99980107857583
7,99981787435696
7,99981437796411

5,16840734548243
7,94264049010913
7,99983350061605
7,99982680449954
7,99981293092662
7,99981322368216
7,99980335062709
7,9998164102412
7,99981474359887

5,16825301722667
7,94263087635186
7,99983354766374
7,99982555228688
7,99981406607235
7,99981399408625
7,99980318439646
7,99981844344413
7,99981497789364

5,16813865024705
7,94259397231878
7,99983597062304
7,99982998900894
7,99981635684263
7,99981560151836
7,9998024464125
7,99982286884605
7,99981915617972

5,16746141771798
7,94260711388475
7,99983959603927
7,99983014937639
7,99981847170289
7,99981628906463
7,99980443337975
7,99982662636642
7,99982244421225

5,14610833570698
7,93897578274852
7,99765114942852
7,99686956997822
7,99771889885658
7,99706606319121
7,99757739534822
7,99734718315497
7,99759176071617

5,12086303099073
7,93910433273729
7,99869777005253
7,99835458532118
7,99873392356388
7,99877943325054
7,9985389365128
7,99866738677091
7,99882163118034

5,10775841649755
7,93807680318445
7,99894952717751
7,99889862955501
7,99913444498149
7,99900631541816
7,99900158350467
7,99902546147803
7,99907827013443

5,09187253709133
7,93682764916761
7,99925502910207
7,99908154161374
7,99929606868689
7,99923146590829
7,99928860023618
7,99926124286747
7,99931720889275

5,08901522305635
7,93636635499533
7,99940909288023
7,99928032353335
7,99940028093577
7,99932554712492
7,9993904819576
7,99946562072231
7,99949111069354

5,13722465078512
7,94054430829019
7,99949037206732
7,99942581599149
7,99944307148299
7,99939688846101
7,99946653058052
7,99954880966407
7,99953009519056

5,12650148558675
7,94017915247688
7,9995291408273
7,99947069408471
7,99952973843605
7,9994527315537
7,99954255489337
7,9995806917489
7,99955984576639

5,11988271006333
7,94001553819118
7,99956635112345
7,99951820455654
7,99957232053113
7,99952277240509
7,99959694138595
7,99958889862911
7,99957748996508

5,1086290104726
7,93922449643381
7,99959208348873
7,99954751659551
7,99961236255551
7,99957984991921
7,9996207144091
7,99961729483301
7,99960644119828

5,10791786408184
7,93960367286831
7,99961419822191
7,99958129362731
7,99964312205968
7,99961381511577
7,99962000293217
7,99963012738555
7,99962675188873

5,10158526455127
7,93975348153472
7,9996261054654
7,99962338840041
7,99968294655694
7,99963016771682
7,99965254281858
7,99962840689667
7,99962926375639

5,09315854067232
7,93950819134859
7,99965222985885
7,99965428817083
7,99970635773022
7,99965652277974
7,99968094695176
7,99966145335398
7,99966309370921

5,08847313905449
7,93903371112386
7,99966817922358
7,9996670283191
7,99971049594858
7,99966820813887
7,99969418741561
7,99968905521192
7,99968901655157

5,08919669446471
7,93905100347811
7,99969545582629
7,99967884718087
7,99972917199216
7,99968474766438
7,99971339831027
7,99971576172717
7,99971652091368

5,08379980780437
7,93873976463866
7,99970779719296
7,99969387140218
7,99974490552141
7,99971059231536
7,99972514806801
7,99972405638288
7,99973405244268

5,08037770573765
7,93864967460277
7,99971876147637
7,99970937704696
7,99975996258469
7,99972138691744
7,99972776998703
7,99973514936878
7,99975347046903

5,07523523293602
7,93838412122625
7,99973379792935
7,99972040977081
7,99977477557012
7,99972875977697
7,99974650363515
7,99973880971914
7,99976198763045

5,07078880654326
7,93814494075904
7,99973395969549
7,99972333178742
7,99978158884716
7,99973996179421
7,99974718612001
7,99975030812714
7,99976865592673

5,06663845237561
7,93764751815024
7,99974570417963
7,99973504845243
7,99978171770138
7,99975049440858
7,99975836263573
7,99976387878476
7,99977602653876

5,06391851218664
7,93729564246581
7,99974895232166
7,99974186560772
7,99978022514163
7,9997490771178
7,99975824840509
7,99976557543655
7,99977345108641

5,06175757848692
7,93703195939366
7,99975683579005
7,99974246973163
7,99978209471753
7,99975130156241
7,99976453186853
7,99976223738118
7,99977942780207

5,05807957608003
7,93672988304447
7,99976039165565
7,99974897676817
7,99978752952675
7,99975602799163
7,9997630320321
7,99976403500609
7,99977937682882

5,06828987998681
7,9374862757642
7,99977074408216
7,99975308200253
7,99979469633171
7,9997690520319
7,99976909479791
7,99977981048391
7,99979051469606

5,06607828636753
7,93723740942048
7,99977856103175
7,99975732067256
7,99978851171796
7,99977214107815
7,99977126035962
7,9997812171086
7,99979500429588

5,06278749257082
7,9370088831296
7,99978442453791
7,99975359117351
7,99979469058104
7,99977021469136
7,99977614139362
7,99978500628557
7,99979902878708

5,0606649025757
7,93688005972619
7,99978778946395
7,99975523367184
7,99980152294663
7,99977044511424
7,99978171051985
7,99979034479748
7,9997998235998

5,05827044926906
7,93673319967173
7,99979572532491
7,99976092147455
7,99980143662976
7,99977541262396
7,9997875171465
7,99979459489761
7,99980036894373

5,05600844591191
7,93654656224488
7,99980147815848
7,99976380288462
7,99980779224184
7,99978011114252
7,99979243221695
7,99979771412975
7,99980562412107

5,05390516694187
7,93648001849934
7,99980391977856
7,99976543435417
7,99980424615848
7,99977553684142
7,99979997139139
7,99979791501926
7,99980458078719

5,05204132844041
7,93631140801379
7,99980614728172
7,99977440965618
7,99980621270618
7,99977582054652
7,99980088922493
7,99980231250285
7,99980468222141

5,04985339904111
7,93620098481857
7,99981281340947
7,99977966459755
7,99980736345063
7,99978172949501
7,99980487263093
7,99980692459049
7,99981102996614

5,04843295602893
7,93595177568996
7,9998153260792
7,99978379848837
7,99980886815587
7,99978195198646
7,99980872837487
7,99980674955073
7,99980961001148

5,04673917310722
7,9357685488798
7,99981643687716
7,99978720113734
7,99981387799672
7,99979042425479
7,9998109210595
7,99980932406261
7,99981534486343

5,0467045509455
7,93582347789135
7,9998194674218
7,99978768977641
7,99981472121712
7,99979232154412
7,9998122395121
7,99981217367502
7,99981951699844

5,04475504843004
7,93565949693119
7,99981925341962
7,99978906572066
7,99982056674408
7,9997959467786
7,9998146430877
7,99981128052283
7,9998207327958

5,04462933860825
7,9356396750763
7,99981616635414
7,99979351459084
7,99982266274519
7,99979835588236
7,99981900422804
7,99981072450184
7,99982163890594

5,04367413491951
7,93569301281523
7,9998182800691
7,99979500632657
7,9998256090378
7,99979710574405
7,99981931744984
7,99981398467253
7,9998227309325

5,04444533193521
7,93572224226793
7,9998233436612
7,99979833872764
7,99982966744208
7,99979901074848
7,99982793617873
7,99981921739323
7,99982682789378

5,04354109056611
7,93567368908557
7,99982067083582
7,99979762009469
7,99983131452216
7,99979886507437
7,99982728694977
7,99982548634796
7,99982935642418

5,04186463189346
7,93553219795008
7,9998221559934
7,9998052183196
7,99982994047408
7,99980068753913
7,99982820331232
7,99982957565098
7,99983401368286

5,0397932079522
7,93530809283247
7,99982544271969
7,99980764004865
7,99983121119083
7,99980266196368
7,99983316630677
7,99983122343224
7,99983552521665

5,03842988390458
7,93519167016104
7,99982709358492
7,99980961958105
7,99983286905816
7,99980570303273
7,99983399457093
7,99983172420922
7,99983543112866

5,03742622282104
7,93513180628749
7,99982909891806
7,99981601672241
7,99983330045935
7,99980835455464
7,99983474821892
7,99983295513123
7,99983414692117

5,03773629229479
7,93521369694589
7,99982786628674
7,99981781602687
7,99983414218701
7,99981038907882
7,99983679232784
7,99983341178257
7,99983593085282

5,03674235513704
7,93507228707008
7,99982875297643
7,99981733665229
7,99983613956146
7,99981013395216
7,9998350811757
7,99983456598033
7,99983516778459

5,03618170442521
7,93505525605509
7,99982867778177
7,9998178738356
7,99983776670698
7,99981272457835
7,99983576278929
7,99983569827172
7,99983588037563

5,03582972403465
7,93510625749745
7,99983003103879
7,99982005979309
7,99983951816143
7,99981293374969
7,99983543791116
7,9998403360617
7,99983984342862

5,03563124015761
7,93514000953723
7,99983117664199
7,9998199795355
7,99984058882769
7,99981072596122
7,99983644225697
7,99984204608782
7,99984133297672

5,03547051477305
7,93512947125203
7,99983162432846
7,99982027888597
7,99984389487931
7,9998146496859
7,99983924757487
7,99984508534468
7,99984134602166

5,03462441152711
7,9350533608106
7,99983402662786
7,99982208832096
7,99984361756941
7,99981733935987
7,99983992161175
7,9998422865362
7,99984022338722

5,08881719896346
7,94666356983184
7,99776683068332
7,99741622668951
7,99753270802654
7,99735202858668
7,99721932212933
7,99763561345451
7,99757087698269

5,06216899441569
7,94573039365448
7,99857815324092
7,9985618195627
7,99878946779999
7,99866773195949
7,9985269320715
7,99884617786503
7,99881066163799

5,04776883417727
7,9453588144234
7,99911260233215
7,99892860378083
7,99913370786141
7,99907358943889
7,9989187237808
7,99915160937418
7,99915995792276

5,03126299245388
7,94462535847272
7,99927048098297
7,99917324854384
7,99931999913218
7,99921706421273
7,99919890065466
7,99928978259391
7,99929431141658

5,02803837657909
7,94401018470512
7,99939138588987
7,99935494351276
7,9993776281788
7,99933197790508
7,99932648182221
7,99937513371923
7,99938082828047

5,08014801737718
7,94745490352904
7,99946775730592
7,99942957416085
7,99946651571155
7,99946408393622
7,99948657087477
7,99948288091352
7,99949959899409

5,06734654213451
7,94710230535531
7,99952312409141
7,99944288434265
7,99953157284739
7,99954216477869
7,9995473340463
7,99953442526229
7,99952790078873

5,06076713253896
7,94685874901652
7,99958298981461
7,99945429700276
7,99955009163498
7,99958502106561
7,9995649495585
7,99956733078027
7,99953560759201

5,04784400596946
7,94640783558902
7,99962014907729
7,99953483632506
7,99959921317348
7,99963101203054
7,99960957462087
7,99960809387611
7,99957708144244

5,04720516794798
7,94639924820624
7,9996245346586
7,99956664859305
7,99963143689764
7,99965704468475
7,99960849427707
7,99963598908761
7,99961071529485

5,04051598061304
7,94679489203114
7,99962295299195
7,99960293722157
7,9996493100143
7,99967193141598
7,99964150140722
7,99965708977105
7,99963091844614

5,03095012696375
7,94649159129086
7,99963489433736
7,99962935048278
7,99965938035876
7,99969650719304
7,99966373211165
7,99969033429225
7,99965206120369

5,02576999991826
7,94591802044596
7,9996528193253
7,99965290521055
7,99967839510944
7,99971958391081
7,99967904028284
7,99969589324337
7,99966989122535

5,02635963861802
7,94586935538127
7,9996675570249
7,99966268670014
7,99968737622526
7,99972154233308
7,99970028007211
7,99970423319631
7,9996842035388

5,02035424422907
7,94549246920737
7,99969235421262
7,99967120835253
7,99970308731512
7,99972404205955
7,99969120187639
7,99972220568817
7,99971183815592

5,01672226064869
7,94530629129553
7,99970147880797
7,99969383020579
7,99972451838278
7,99972728529928
7,99969659851728
7,99974051112155
7,99972954911076

5,01119447328052
7,94503412971132
7,99970868850467
7,99971313807797
7,99973209013232
7,99972971010407
7,99969527838092
7,99974828164986
7,99973424896893

5,00631016398908
7,94474428834675
7,99971895710807
7,99971478338994
7,99974226246749
7,99973339312718
7,99971071115464
7,9997667810703
7,99974505876013

5,0017885104005
7,94445337725085
7,99973221944091
7,99972019581103
7,99974647840512
7,99974281647513
7,99971764111789
7,99976992531795
7,99975100160618

4,99865323054883
7,94408924290303
7,99974304231318
7,99973293772115
7,99975324103053
7,99974801045736
7,99972246363995
7,99977146339988
7,99975239016992

4,99636126319514
7,94393889298503
7,99974444909923
7,99974093615284
7,9997593436486
7,99974700731426
7,99972948578363
7,99978377742254
7,99976294187759

4,99237963717737
7,94361213418011
7,99975182602859
7,99974805781665
7,99976169184342
7,99974775999975
7,99973264020847
7,99978692950942
7,99976090371714

5,00358887599806
7,94423892068445
7,99975192106298
7,99975992258937
7,99976734949058
7,99975760944503
7,99974067489541
7,99979135464662
7,99976674008997

5,00141180128164
7,9439904425772
7,99975194462878
7,99976173321001
7,99976962496581
7,99975880637472
7,99974552331659
7,99979277837474
7,99976124692435

4,9976925742653
7,94372638140565
7,99975499515495
7,99977183106889
7,99977226736728
7,99976841159009
7,99974404853021
7,99979724323519
7,99976401234391

4,99524376580047
7,94366651820444
7,99975468273166
7,99977679021099
7,99977326298144
7,99976737580938
7,99974929359737
7,99979573410308
7,99976247859705

4,99239892510255
7,94351700764956
7,99976049400468
7,99977732500305
7,99976616937703
7,99976436822219
7,99974629243688
7,99979859914076
7,99976454431367

4,98995862063498
7,94343541786031
7,99976607862044
7,99977833895455
7,99976873317989
7,99977054663097
7,99975565911401
7,99980395149728
7,99977238631401

4,987532378582
7,94328592502173
7,99976849773874
7,99977429464224
7,99977556243305
7,99977030680636
7,99976087924156
7,99981024453544
7,9997779227785

4,98556835365548
7,9430577143689
7,99977113730192
7,99977438036884
7,99977352232853
7,99976753443986
7,99976325335098
7,99981333151371
7,99978190041579

4,98314360955736
7,94298290361749
7,99977760533991
7,99977634826784
7,99978140337695
7,99977305292529
7,9997696353003
7,99981651571373
7,99978452859757

4,98143087209996
7,9428487371115
7,99978285866695
7,99977882480304
7,99978760959841
7,99977690559148
7,9997752665123
7,99982114607696
7,9997910173127

4,97954437105666
7,94263078463083
7,99979213735873
7,99978365964646
7,99979285824052
7,99978064086223
7,99978124029788
7,99982071559552
7,99979024771814

4,97945416914863
7,94266582763348
7,99979435908414
7,99978460573794
7,99979327373451
7,99978501360727
7,99978769474352
7,99982335007376
7,99979343060635

4,97762654246931
7,94246691011566
7,99979532163425
7,99978548628394
7,99979866028332
7,99979330919758
7,99979177386822
7,99982315535311
7,99979474243737

4,97778455334121
7,94243506644359
7,99979322534177
7,99978718509414
7,99980016317242
7,99979588960951
7,99979308410982
7,99982426418236
7,99979404727802

4,97694229139092
7,94239639287789
7,99979779459865
7,99979090262763
7,99980474541762
7,99979657085332
7,99979696913185
7,99982307685254
7,99979350784429

4,97783613382341
7,94247426174706
7,99980175398355
7,99979557246126
7,99981212996473
7,99979787868099
7,99979628943395
7,99982346170004
7,99979406805421

4,97682798196275
7,94239090496138
7,99979907028949
7,99979602805929
7,9998135648479
7,99979577816027
7,9997946488795
7,99982395603347
7,99979417028252

4,97506860239552
7,94230685400357
7,99980404091407
7,99979524142015
7,99981458817184
7,99979612643348
7,99979754463377
7,99982345710264
7,99979323020041

4,97282975759293
7,94210486423873
7,99980776332577
7,99980020041822
7,99981827164009
7,99980008457396
7,99980806117078
7,99982459963508
7,99979751907705

4,9714109711207
7,94205333285089
7,99980634121853
7,99980428608225
7,99982041354188
7,99980260016307
7,99981206065835
7,99982683697819
7,99980044995651

4,97023857672952
7,94207707830706
7,99980647661335
7,99980724530775
7,99982323893066
7,99980760507892
7,99981431618059
7,99982720032529
7,99980075655662

4,97065660434914
7,94211091048104
7,99980878628524
7,99981087711662
7,99982480103
7,99980951221509
7,99981442062727
7,99982551364269
7,99980236427868

4,96966991297705
7,94199111407574
7,99980860691461
7,99981087530048
7,9998220474712
7,99981267983408
7,99981662693743
7,99982761336771
7,99980284417657

4,96903244842792
7,94197161108305
7,99981224005524
7,99981042621248
7,99982186664219
7,9998125550913
7,99981226993414
7,99982731319357
7,99980345987312

4,9686850028308
7,94201330146213
7,9998117746155
7,99981255525344
7,99982474151848
7,99981762489288
7,99981179338412
7,99982832877762
7,99980404294867

4,96835280051945
7,94205433427254
7,99981214222901
7,99981354114263
7,99982505930293
7,99981494479019
7,99980913374079
7,99982817897029
7,99980316301896

4,96812996589484
7,94204438658203
7,99981125011032
7,99981561941724
7,99982432261849
7,99981321585974
7,99981430229445
7,999828207018
7,99980503113735

4,96716377183101
7,94208960367611
7,99981358252943
7,99981837280023
7,9998234192913
7,99981368485711
7,99981705310025
7,99982815976933
7,99980657453014

5,28403202860448
7,94348438321544
7,99756034047542
7,9976446932898
7,99749896841328
7,99717355692883
7,99718027201116
7,99737221862197
7,99736343225794

5,25618709649115
7,94102765602683
7,99882332583972
7,99860001131969
7,99873733291873
7,99865945475553
7,99859742261489
7,99859949998193
7,99870129090423

5,24106896231706
7,94132570837503
7,99910843228275
7,99905833775473
7,99901261951898
7,99899467310447
7,99902663503556
7,99894645680785
7,99904126232482

5,22302879137499
7,94083713058066
7,999294133218
7,99921980549353
7,9992251937699
7,99927238177469
7,99922220746816
7,99927760820791
7,99931972645806

5,21870178162361
7,9405756733231
7,9993875148201
7,99932529511489
7,99930284093551
7,99938370492974
7,99929121785977
7,99938065415226
7,99939815224473

5,27345924424451
7,94431889260538
7,99947602290438
7,99941094582426
7,99946347860211
7,9994352946713
7,99942505691653
7,99946425130331
7,99952631487285

5,26064797659073
7,94367506092878
7,99953336207908
7,99946167222706
7,99951302946143
7,99948737115826
7,99951757415985
7,99952517071747
7,9995650359773

5,25420627346048
7,94339696783181
7,99958474213073
7,99949828143968
7,99952797614199
7,99953911268637
7,99950614129608
7,99957677170216
7,99958741728726

5,24087228615425
7,94274812915293
7,99965239780864
7,99955960534007
7,99955908726611
7,99959504266083
7,99954864391339
7,99963173540435
7,99964639930318

5,24029322886589
7,94284450616417
7,99966491584592
7,99959507044642
7,9995787793931
7,99959722749318
7,99958115923451
7,99966233180681
7,99966650095725

5,23341270569948
7,94271700958254
7,99968140592011
7,99961585278217
7,99960574517099
7,99962236373255
7,99960669589289
7,99966457946507
7,99966831739872

5,22345269257644
7,94237424386865
7,99970406411509
7,99963383555668
7,99964599993587
7,99966372159338
7,99963128742323
7,99966934163813
7,99967946355906

5,21751566030523
7,94172547730606
7,99971269721774
7,99964650930842
7,99967092260197
7,99967827564141
7,99964444608151
7,99967555076646
7,99968335818188

5,21788400122764
7,9413944040374
7,99973046114549
7,99966005795281
7,99967157991431
7,99969036962601
7,99967216796335
7,99968365881691
7,99969575992621

5,2119707327277
7,940985405142
7,99973575406292
7,9996540617855
7,99969032322007
7,99970056623791
7,99970096977017
7,99970693330991
7,99971882585536

5,20833374059361
7,94089342069593
7,99974284677911
7,99966763681761
7,99969791298669
7,99971623062951
7,99970636325124
7,99970712374606
7,9997246759129

5,20267516675191
7,94064988281571
7,99974721311609
7,99967575458398
7,99970884700284
7,99972210361609
7,99971522329379
7,9997107084006
7,99972715986305

5,19745885975633
7,94027610389922
7,99975225886327
7,99969264503699
7,99971656876367
7,99973390169319
7,99972298813355
7,99971573331826
7,99973824521324

5,19253811004486
7,93986592330899
7,99976068893934
7,9997117485546
7,99973387018553
7,99974578179993
7,99972824405519
7,99973039132731
7,99975194174822

5,18919018012293
7,93957578496225
7,99975710242919
7,99972491683915
7,99973618230465
7,99975036771021
7,99973369958013
7,99973937989448
7,99976033300528

5,18689375062987
7,93932882909076
7,9997609093839
7,99972763169203
7,99974014488045
7,99975686625862
7,99973888355699
7,99974305128018
7,9997656707956

5,18251861139816
7,93898806377546
7,99976694942145
7,99973310398301
7,99974771595891
7,9997631749681
7,99974437823677
7,99974401743368
7,99976967053225

5,19433606756737
7,93975895141896
7,99977210305352
7,99974828754629
7,99976247958665
7,99976827924777
7,99974758888668
7,99975708564988
7,99978018660073

5,19168174776386
7,93955882019393
7,99977662083777
7,99975222393679
7,99976718310816
7,99976652552218
7,99975234205726
7,99976107361241
7,99978705785526

5,18806719717584
7,93928678827138
7,99977840037204
7,99976144096606
7,99976683589956
7,999766967456
7,99975372082209
7,99977091650723
7,99979422537754

5,18537473896079
7,93923824584682
7,9997812220853
7,99976291586687
7,99978041726263
7,99976575864153
7,99975645333298
7,99977653844746
7,99980038712673

5,18236400460512
7,93904591740004
7,99978517601756
7,99976742498533
7,99978914010637
7,99976653330201
7,99975930263766
7,99978778229886
7,99980744134465

5,17956685578167
7,93885669710312
7,99978805752608
7,99977273368213
7,99979398696845
7,99977519736908
7,99976878438217
7,99978704006256
7,99980354977887

5,17682127213432
7,93872747646832
7,99979272142317
7,99977565406381
7,99979570262776
7,9997768801425
7,99976508815075
7,9997843911399
7,99980518187263

5,17430114311373
7,9384594321676
7,99979649170582
7,99977640437432
7,99979865860966
7,99978311740835
7,99977301974171
7,99978590219569
7,99980671291939

5,17171424202911
7,9383206055666
7,99980498984014
7,99977934251271
7,99980158350977
7,99978777381853
7,99977599659361
7,99979098309523
7,99981348551402

5,17002457219532
7,93815395998668
7,99981090512997
7,99978556033891
7,99980493960868
7,9997954153775
7,99977765498401
7,99979228608563
7,99981622343809

5,16788126086927
7,93789330364854
7,99981513822348
7,99979006133827
7,99981162714625
7,99979685996148
7,9997821836266
7,99979366455247
7,99981910152079

5,1677186133028
7,93787488345283
7,99981667859427
7,99979024262856
7,99981535915763
7,99979765778549
7,99978185249474
7,99979251003015
7,99982191221473

5,16574254615515
7,93771016272877
7,99982244261844
7,99979416966446
7,99982048228488
7,99980094688942
7,99978299236493
7,99979568118022
7,99982506318073

5,16566949790171
7,93768522038156
7,99982465207067
7,99979563151994
7,9998169846069
7,99980012733254
7,99978435746093
7,99979618708122
7,99982703233528

5,16468378856684
7,9375828342126
7,99982807423581
7,99979923297245
7,9998174898988
7,99980282743654
7,99978677407936
7,99979502536656
7,9998281230042

5,16567456093994
7,93764666458779
7,99983088425385
7,9998022500691
7,99982370687201
7,99980780386574
7,99978917055102
7,99979595728656
7,99982856947008

5,16457325061495
7,93753707186549
7,99983278501676
7,99980091116532
7,99982680283619
7,9998110984367
7,99978858797189
7,99979858399181
7,99983068258214

5,16272776257293
7,93741778926339
7,99983710775514
7,99980350147308
7,99982737220945
7,99981211802218
7,99979069638563
7,99979826729058
7,99982791617306

5,16032569987966
7,93722013279476
7,99984106887981
7,99980599824402
7,99983273793702
7,99981504135754
7,99979604614063
7,99980004909209
7,99983132669987

5,15892879245899
7,93712839875524
7,99984176373319
7,99980876625726
7,99983658937732
7,99981541690016
7,99979852465618
7,99979975846549
7,99983236488276

5,15763292144983
7,93711071661743
7,99984454784474
7,99981384331143
7,9998389551884
7,99981679884729
7,99980079005453
7,99980440555927
7,99983409602213

5,15816942697955
7,93713201923568
7,99984822688179
7,99981491313689
7,99984156489371
7,99981953136319
7,99980161870569
7,99980699594274
7,99983728222278

5,15698162450756
7,9369499903071
7,99984504404096
7,9998158833376
7,99984421295139
7,99982150974958
7,99980499902915
7,9998093912738
7,99983780847955

5,15632006639802
7,93691027172849
7,99984478297834
7,99981485508952
7,99984638814197
7,99982151715422
7,99980670119152
7,99980913646564
7,99983574661535

5,15588495735775
7,93695476642985
7,99984421541236
7,99981838253827
7,99984805037039
7,99982162336786
7,99980507537061
7,99981135640009
7,99983870428449

5,15568755620599
7,93694818903136
7,99984356934142
7,99982012569349
7,99985051739981
7,99982462022028
7,9998046161909
7,999809889368
7,99983546751288

5,15551826592695
7,93701636547183
7,99984546356588
7,99982094253814
7,9998524677321
7,99982892324268
7,99980833811983
7,99981202133616
7,99983773748123

5,15453545954252
7,93692710878911
7,99984515555213
7,99982003913419
7,99985437155202
7,99982800096765
7,99980902358218
7,99980968289571
7,99983672277197

5,25932996876597
7,94462987486225
7,99716238051795
7,99785664322172
7,99736582255059
7,9973586459738
7,99721279321278
7,99727836434157
7,99722029893285

5,23945285620357
7,94279049160967
7,99865754002512
7,99861485371764
7,99869859053751
7,99846887033822
7,9986523088401
7,99855571464132
7,99859772804648

5,22812550906224
7,94192964952035
7,99906948848118
7,99896957859584
7,99907663474931
7,99899606442496
7,9989912563834
7,9990531698047
7,99914150912204

5,21315409228521
7,94120103795198
7,99932520223164
7,99917153657662
7,99923411520237
7,99927394937404
7,99919675170858
7,99920874938116
7,99925654749984

5,20934350263597
7,94083124189344
7,99945046288231
7,99932321418579
7,99938707000576
7,99937908061672
7,99930706180544
7,99930673344846
7,99935213330971

5,25328945624027
7,944362868914
7,99949756866404
7,99942933533634
7,99949835657018
7,99950748371423
7,99944303449866
7,99939372190354
7,99941083649818

5,2431212631901
7,94438563594239
7,99953923878811
7,9995044660914
7,99952456399813
7,99953286206867
7,99949143326029
7,99946232524394
7,9994908933373

5,2376314210128
7,94382062771088
7,99959609415379
7,99953577209793
7,99955188187604
7,99956096736008
7,99955442174354
7,99950827774827
7,99952524822548

5,22688680502498
7,94310591959568
7,99961403835609
7,99958843443898
7,99960519974758
7,99959590244513
7,99957189074371
7,999571353719
7,99957671186059

5,22638623241422
7,94308917568085
7,99960918674077
7,99960873289805
7,99960995509721
7,99960780737245
7,99959538299354
7,99962246117175
7,99962913313041

5,22093222371172
7,94329898030333
7,99963236654162
7,99963909519181
7,99963760840434
7,99964232182473
7,9996268095505
7,99965752158802
7,99965859609705

5,21273672410802
7,9430907434992
7,99964731583776
7,99967500078438
7,99965532036703
7,99967628670056
7,99964626197802
7,99967679460015
7,99968472498887

5,20800774822087
7,94288903868374
7,99966823515009
7,99968073195243
7,99968478216279
7,99968349850578
7,99966784781693
7,99970033903209
7,99970565946438

5,20804922762866
7,94299218257401
7,99968641210818
7,99970346362318
7,99969297388859
7,99969362280513
7,99967226570233
7,99972102029369
7,99972600937485

5,20306642256491
7,94252040689661
7,99970627421923
7,99970870908708
7,99970721436257
7,99970849165609
7,99968740339846
7,99973798684056
7,99973284855202

5,19994346181757
7,94249597676523
7,99971648211168
7,99972330181673
7,99971460468476
7,99971446597834
7,99969006489853
7,99975366489562
7,99974182278427

5,19528301093324
7,94237751491289
7,99972583143927
7,99973341583547
7,9997214156545
7,99971906877327
7,99970420941068
7,99976419090439
7,99974985408626

5,19123180207614
7,9421578976907
7,99973406859712
7,99974263775668
7,99973064285216
7,9997322508537
7,99972061041791
7,99977184548824
7,99976514352618

5,18717615624084
7,94163093378292
7,99974779712702
7,9997473019083
7,99973688874621
7,99973767537276
7,99973038211779
7,99978296494317
7,99977474864317

5,18444578356963
7,94126272376631
7,99975939718448
7,99976069472592
7,99973959197156
7,9997347933211
7,99974159679259
7,99979038168712
7,99978779484335

5,18240926023636
7,94108357059592
7,9997660228228
7,99976493181105
7,99974808486788
7,99974425351759
7,9997501749838
7,99979170888432
7,99979389227088

5,17866977011512
7,94079557647255
7,99976852808917
7,99977091467821
7,99975646276458
7,99975425962025
7,99975100861425
7,99979547372278
7,999798297771

5,18795364380674
7,94157700697751
7,99977706847973
7,99977718624529
7,99976217418859
7,99976162577176
7,99976091646249
7,99979785992951
7,99980444204401

5,1858947660275
7,94140168263819
7,99978156993485
7,99978464103582
7,99976888924218
7,99976692399739
7,99976122679535
7,99980093476616
7,99980550836775

5,18291421514473
7,94111011299212
7,99978711093019
7,99978945230064
7,99977368867101
7,99977181525964
7,9997598948543
7,9998018833287
7,99980503823967

5,18087838973228
7,94110535775138
7,99979575570427
7,99978966840104
7,99977952405527
7,99976960041244
7,99976301763174
7,99980866154663
7,99981027789248

5,17836061442604
7,9411696999171
7,99979717364931
7,99979618632876
7,99978047774928
7,99977572755577
7,99976108239604
7,99981614651201
7,99981467827685

5,17607846399584
7,94103563634983
7,99979883581339
7,99980129874765
7,99978680153764
7,99978637478741
7,99976581324898
7,99981989029835
7,99981797347906

5,17380355660498
7,94096492842393
7,99979804294809
7,99980857276161
7,99979213553805
7,99978429458662
7,99976474169666
7,99981840207152
7,99982055492507

5,17158537277595
7,94077965496459
7,99980093323745
7,99980797533197
7,99978819697306
7,99979042581854
7,99976470948452
7,99981900581337
7,99982371851351

5,16951518485173
7,94063288230308
7,99980430605134
7,99980834228566
7,99979711794655
7,9997955878927
7,99976668443227
7,99982400298737
7,99982758944379

5,16806075649534
7,94039013892387
7,99981173433622
7,99981377687983
7,99979716370506
7,99980209667556
7,99977124909482
7,99982931392989
7,99983175712866

5,16641539130696
7,94019295580181
7,99981804582351
7,99981724515796
7,99979979711189
7,99980481920332
7,99977656638261
7,99983103140184
7,99983145483479

5,16616748330827
7,94020339072614
7,99981985318454
7,99982048077924
7,99980214602949
7,99981011159246
7,99977553818864
7,99982881709443
7,99983125404452

5,16439966927693
7,93995934985901
7,99982516372329
7,99982154525213
7,99980697444622
7,99981587337805
7,99978101682533
7,99983156833422
7,99983373082403

5,1643376440936
7,939983279802
7,99982705229473
7,99982456285295
7,99980393411221
7,99981418504576
7,99978568537689
7,99983265897963
7,99983830443458

5,16351234759387
7,93994294851781
7,99982607272481
7,99982284640723
7,99980440007863
7,99981672662481
7,9997853523664
7,99983440581053
7,99983702628908

5,16407124760613
7,94001577781241
7,99983126175952
7,99982662879287
7,99980486006779
7,99982035308152
7,99978718322474
7,99983334946637
7,99983818143881

5,16304686490979
7,94002780780482
7,99983463043185
7,9998304950416
7,99980782032546
7,99981961674613
7,99978734123126
7,99983334562793
7,9998384378097

5,16150813400467
7,93992758752644
7,99983434183114
7,99983383854158
7,99980557732159
7,99982082809458
7,99978547016233
7,99983559242057
7,99984149176727

5,15946520391239
7,93980994995611
7,99983892169035
7,99983644293786
7,99981165012619
7,99982428443967
7,99978888635147
7,99983783369695
7,99984378037597

5,15834239220235
7,93969621035126
7,9998384148404
7,9998357103341
7,99981323499481
7,99982601339757
7,99979690950557
7,99984197965408
7,99984789659797

5,1573318710502
7,93972011767536
7,99984223919708
7,99983659874085
7,99981409160968
7,99982778337852
7,99979995225593
7,99984515457845
7,99984939116164

5,15772218070886
7,93976531862359
7,99984289414209
7,99983695436263
7,99981547450796
7,99983039890948
7,99980079729511
7,99984680541804
7,99985173740976

5,15674678865616
7,93964124123601
7,9998454016758
7,99983790213286
7,9998183942141
7,99983380128436
7,99980155129774
7,99984242454442
7,99984913679581

5,15623207842908
7,93960532499094
7,99984476915381
7,99984146023848
7,99982123857873
7,99983385952933
7,9998024376333
7,99984040228438
7,99984806966871

5,15596444586316
7,9395887716067
7,99984582870352
7,99984389957872
7,99982098919804
7,99983123081528
7,99980572199073
7,99984100265228
7,99985067584847

5,15575095674618
7,93962971928099
7,99984631609389
7,9998456434407
7,99982082774457
7,99982815059255
7,99980471216439
7,99984033023399
7,99985131085905

5,15570990061186
7,9396492399412
7,99984699238277
7,99984914311995
7,99982281004999
7,9998261867108
7,99980705459095
7,99984345481903
7,99985251412414

5,15502103901185
7,93964818728186
7,99984658263811
7,99984895089539
7,99982590868575
7,99982726023829
7,99980876316985
7,99984480227781
7,99985439540453

