39 189 201 156 57 249 72 2 107 105 25 210 235 165 191 227 
220 63 113 193 227 117 130 221 98 141 218 127 93 181 141 16 
103 109 60 190 87 147 113 81 194 27 149 163 254 180 236 76 
73 170 195 186 73 59 9 176 58 234 57 171 30 200 163 180 
219 8 107 125 105 0 139 73 204 31 254 200 222 221 222 173 
159 142 54 178 240 210 198 44 100 138 132 107 89 197 50 249 
118 224 199 246 72 110 225 72 30 122 236 41 59 64 208 91 
12 139 11 143 145 240 195 8 65 63 25 222 123 32 238 7 
235 5 81 253 22 231 100 48 172 236 148 118 228 156 239 35 
184 40 94 205 186 162 103 133 28 190 180 9 85 3 204 252 
