98
189
287
390
476
570
665
764
850
954
1042
1141
1240
1333
1430
1526
1621
1717
1810
1906
2003
2097
2193
2289
2388
2481
2576
2671
2768
2860
2951
3052
3147
3242
3337
3438
3532
3621
3717
3815
3916
4007
4105
4192
4289
4389
4483
4576
4669
4768
151
301
452
607
753
904
1058
1212
1357
1515
1669
1809
1968
2118
2276
2423
2574
2729
2867
3036
3165
3330
3485
3619
3781
3924
4087
4224
4391
4562
4698
4831
4993
5137
5293
5443
5586
5755
5887
6048
6197
6342
6502
6643
6805
6950
7110
7252
7399
7544
97
196
294
394
492
591
689
784
888
986
1087
1176
1282
1373
1471
1581
1655
1729
1857
1968
2066
2172
2260
2354
2456
2562
2658
2766
2853
2966
3058
3164
3266
3367
3455
3574
3662
3784
3830
3939
4050
4147
4257
4350
4432
4552
4600
4757
4842
4930
207
414
619
829
1036
1243
1451
1654
1869
2076
2281
2487
2685
2902
3115
3315
3528
3733
3934
4143
4348
4553
4769
4963
5174
5386
5589
5810
6015
6218
6424
6626
6841
7042
7244
7437
7666
7870
8090
8299
8491
8697
8944
9116
9359
9810
9877
10051
10241
10484

97
194
296
390
487
580
679
769
872
969
1051
1146
1263
1362
1449
1549
1657
1746
1838
1930
2031
2142
2230
2322
2427
2519
2619
2709
2800
2917
2998
3087
3153
3281
3389
3465
3575
3700
3755
3858
3951
4056
4141
4258
4331
4447
4525
4604
4704
4831
151
303
459
636
797
970
1116
1284
1434
1533
1685
1850
1989
2166
2302
2459
2607
2765
2916
3084
3221
3387
3520
3718
3818
3987
4155
4293
4435
4586
4750
4883
5078
5210
5353
5496
5664
5828
5991
6138
6289
6431
6576
6722
6886
7090
7182
7340
7501
7701
113
204
307
427
522
629
741
842
941
1069
1143
1266
1404
1513
1619
1663
1766
1877
1983
2099
2194
2303
2433
2536
2609
2727
2765
2901
3025
3138
3254
3300
3443
3556
3658
3762
3861
3942
4043
4190
4223
4399
4456
4588
4663
4854
4810
4806
4984
5066
214
416
616
827
1051
1246
1449
1662
1876
2079
2280
2615
2824
2902
3120
3342
3555
3742
3946
4172
4380
4596
4787
4991
5188
5450
5634
5861
6063
6298
6467
6662
6860
7081
7364
7454
7781
8043
8057
8366
9161
9147
9198
9301
9447
9652
9862
10197
10371
10589

96
192
285
384
485
574
679
768
866
965
1065
1172
1271
1364
1464
1566
1651
1771
1854
1958
2038
2136
2241
2328
2418
2510
2612
2698
2820
2955
3044
3121
3203
3305
3579
3575
3602
3696
3810
3882
4005
4092
4197
4378
4368
4495
4820
4601
4676
4770
149
303
456
607
755
915
1057
1209
1364
1510
1678
1826
1962
2113
2525
2685
2724
3007
3026
3023
3188
3322
3487
3649
3804
3942
4070
4265
4374
4546
4684
4955
4979
5168
5306
5447
5597
5769
5899
6037
6190
6354
6525
6660
6803
6958
7126
7252
7429
7592
101
202
307
409
518
622
717
827
910
1020
1121
1241
1317
1413
1534
1636
1727
1823
1928
2043
2144
2221
2363
2434
2553
2644
2739
2829
2931
3046
3136
3271
3362
3459
3539
3616
3750
3830
4232
4447
4325
4419
4544
4593
4806
4859
4953
5029
5143
5221
208
419
627
860
1043
1281
1463
1721
1901
2078
2324
2508
2719
2928
3166
3370
3562
3782
3996
4174
4420
4586
4818
5050
5257
5456
5662
5862
6073
6309
6520
6743
6919
7143
7388
7598
7653
7870
8199
8388
8582
8831
9017
9202
9440
9649
9861
10049
10334
11007

100
202
288
386
503
580
668
767
864
960
1057
1154
1253
1359
1470
1543
1663
1749
1823
1954
2044
2121
2240
2305
2397
2509
2597
2691
2809
2905
3025
3107
3178
3316
3379
3464
3582
3660
3749
3859
4027
4088
4215
4337
4361
4567
4710
4684
4660
4756
150
307
457
610
761
909
1056
1215
1363
1515
1663
1814
1960
2114
2268
2489
2601
2758
2893
3061
3236
3416
3557
3677
3858
3986
4130
4289
4466
4641
4771
4922
5106
5226
5342
5510
5690
5837
5997
6133
6313
6434
6608
6743
6875
7059
7243
7411
7513
7708
109
205
305
424
553
623
730
820
950
1040
1157
1235
1363
1468
1600
1660
1750
1856
2137
2274
2239
2350
2378
2569
2607
2761
2859
2930
3113
3102
3424
3484
3497
3677
3851
3921
3968
4045
4174
4270
4284
4430
4512
4615
4710
4805
4908
4894
5142
5149
211
417
632
833
1036
1263
1457
1667
1872
2083
2301
2502
2721
2919
3148
3340
3567
3771
3968
4190
4393
4610
4796
5037
5231
5456
5648
5907
6096
6266
6444
6729
6913
7140
7335
7535
7767
8027
8215
8391
8582
8845
9394
9220
9469
9663
9831
10056
10287
10530

98
189
287
413
516
576
674
765
879
959
1082
1159
1255
1359
1485
1558
1711
1835
1825
1937
2023
2155
2276
2331
2446
2530
2677
2730
2824
2941
3023
3123
3217
3295
3386
3481
3597
3704
3784
3961
3948
4088
4177
4404
4401
4497
4591
4615
4770
4818
151
309
463
636
763
979
1074
1221
1419
1534
1702
1840
2001
2180
2281
2442
2604
2778
3005
3109
3256
3383
3517
3672
3826
4022
4178
4314
4481
4622
4752
4908
5156
5263
5433
5572
5692
5858
6062
6161
6302
6730
6675
6895
6940
7057
7327
7382
7555
7833
101
211
312
409
524
623
741
877
935
1045
1200
1301
1413
1463
1557
1735
1865
1858
2008
2158
2259
2350
2497
2528
2646
2739
3079
2956
3000
3227
3223
3322
3494
3586
3662
3752
3885
3924
4087
4183
4312
4482
4577
4654
5011
4812
4912
4958
5075
5234
208
414
676
841
1040
1259
1459
1704
1958
2089
2282
2496
2721
2945
3186
3391
3547
3778
3977
4193
4373
4628
4854
5055
5273
5499
5694
5935
6095
6320
6567
6803
6977
7411
7355
7573
7808
7943
8240
8393
8600
8831
9020
9286
9504
9682
9831
10108
10234
10609

99
206
285
393
479
573
675
770
870
998
1053
1181
1245
1350
1443
1577
1637
1743
1833
1926
2024
2104
2204
2300
2436
2505
2656
2697
2781
2879
2973
3099
3194
3388
3351
3434
3531
3620
4218
4128
3983
4120
4247
4332
4427
4536
4612
4731
4779
4907
155
308
462
630
772
937
1096
1254
1408
1560
1702
1864
2042
2177
2336
2489
2632
2785
2932
3040
3215
3386
3644
3699
4016
4132
4194
4338
4491
4650
4768
4912
5050
5177
5377
5500
5660
5870
6050
6105
6307
6430
6566
6819
6912
7074
7236
7341
7502
7688
113
205
309
411
522
646
748
848
944
1036
1162
1267
1366
1504
1578
1715
1806
1927
1962
2146
2230
2363
2468
2540
2693
2791
2856
2909
3075
3206
3305
3414
3507
3536
3676
3725
3841
3987
4066
4156
4266
4363
4474
4562
4695
4881
4794
5089
5092
5132
207
427
622
838
1043
1255
1465
1670
1881
2094
2295
2493
2713
2927
3143
3375
3565
3760
3971
4203
4417
4843
4839
5035
5251
5456
5631
5930
6145
6328
6542
6740
6941
7165
7392
7548
7793
8553
8086
8494
8548
8956
8905
9277
9454
9652
10627
10171
10259
11187

97
191
291
386
480
629
673
802
939
990
1109
1155
1261
1362
1445
1537
1640
1750
1848
1945
2036
2129
2222
2330
2418
2519
2630
2726
2828
2916
3009
3116
3235
3299
3400
3485
3592
3688
3784
3872
3988
4081
4183
4471
4359
4466
4568
4655
4759
4856
156
307
464
618
772
919
1079
1241
1387
1537
1688
1845
1998
2146
2315
2470
2617
2768
2919
3086
3227
3387
3537
3703
3831
3985
4137
4313
4528
4620
4768
4949
5080
5392
5384
5526
5687
5871
6025
6150
6288
6439
6596
6760
6926
7323
7181
7234
7398
7700
101
196
290
388
491
600
687
792
891
989
1106
1194
1294
1388
1564
1593
1696
1791
1902
1990
2120
2180
2316
2395
2505
2560
2654
2768
2873
2978
3073
3183
3244
3383
3526
3578
3878
4028
3890
4053
4050
4226
4249
4361
4426
4654
4683
5137
4869
4946
207
415
619
830
1025
1244
1449
1649
1866
2071
2294
2554
2771
2919
3157
3311
3627
3775
3951
4170
4347
4558
4761
4966
5179
5426
5613
5819
5985
6222
6503
6626
6802
7074
7227
7480
7687
7902
8122
8308
8529
8716
8927
9177
9342
9575
9777
9974
10172
10405

94
191
286
381
478
573
668
769
858
956
1051
1155
1236
1338
1432
1528
1621
1727
1827
1912
2005
2104
2207
2283
2394
2496
2551
2671
2774
2861
2952
3086
3140
3249
3343
3448
3551
3644
3730
3815
3912
3987
4097
4160
4282
4356
4481
4566
4666
4709
150
297
446
604
756
899
1049
1208
1358
1522
1647
1815
1963
2122
2266
2433
2586
2724
2878
3005
3192
3356
3476
3637
3795
3940
4094
4435
4401
4539
4695
4884
5002
5157
5308
5472
5585
5781
5922
6075
6196
6348
6561
6677
6804
7002
7118
7292
7425
7584
105
199
293
387
485
599
691
795
891
993
1092
1177
1283
1385
1512
1599
1669
1793
1876
1990
2072
2208
2274
2377
2440
2592
2650
2745
2838
2944
3043
3156
3232
3344
3527
3537
3629
3727
3813
3910
4052
4121
4212
4310
4422
4521
4586
4747
4814
4937
209
414
620
827
1036
1247
1441
1653
1863
2067
2274
2482
2688
2896
3081
3313
3487
3715
3933
4127
4345
4519
4730
4965
5172
5346
5576
5760
5995
6184
6411
6616
6821
7032
7223
7406
7634
7836
7993
8243
8468
8679
8847
9072
9276
9467
9716
9966
10139
10309

93
188
285
379
475
570
665
762
853
946
1049
1142
1238
1331
1429
1521
1618
1707
1812
1905
1999
2089
2187
2277
2382
2463
2558
2661
2762
2851
2949
3046
3117
3232
3328
3429
3508
3609
3719
3809
3890
3997
4119
4198
4279
4373
4543
4561
4704
4761
149
298
450
606
755
901
1055
1207
1356
1514
1673
1805
1961
2118
2275
2418
2574
2717
2862
3725
3553
3319
3478
3609
3771
3920
4056
4212
4358
4502
4686
4832
4971
5130
5241
5426
5548
5696
5884
6032
6126
6285
6468
6640
6765
6927
7051
7211
7392
7559
103
193
288
387
487
590
681
785
873
977
1076
1180
1275
1412
1502
1589
1674
1750
1852
1954
2067
2154
2259
2348
2469
2548
2664
2752
2850
2938
3045
3145
3287
3347
3449
3542
3657
3765
3846
3944
4060
4154
4239
4346
4433
4538
4944
4730
4704
4923
206
413
622
827
1030
1231
1448
1641
1856
2049
2254
2487
2686
2900
3075
3307
3490
3729
3931
4143
4305
4519
4748
4924
5162
5383
5600
5803
6006
6221
6394
6615
6836
7048
7222
7455
7666
7870
8052
8258
8490
8721
8879
9110
9306
9506
9672
9937
10147
10359

95
190
286
381
477
572
661
753
859
951
1038
1144
1240
1333
1428
1522
1617
1717
1798
1886
1982
2072
2185
2270
2381
2477
2574
2639
2744
2855
2957
3046
3129
3235
3335
3425
3522
3580
3700
3771
3863
4000
4057
4148
4253
4379
4459
4574
4668
4712
148
301
453
602
756
908
1057
1211
1358
1512
1660
1807
1964
2116
2264
2404
2565
2698
2869
2994
3142
3326
3466
3593
3762
3920
4062
4206
4388
4527
4652
4802
4985
5136
5286
5430
5543
5691
5881
5988
6169
6353
6467
6640
6809
6938
7034
7222
7388
7543
101
194
291
386
488
593
687
783
882
979
1084
1183
1281
1377
1479
1560
1677
1773
1867
1968
2067
2158
2252
2363
2450
2556
2647
2740
2856
2971
3033
3138
3232
3349
3430
3538
3620
3712
3829
3952
4061
4129
4212
4301
4429
4533
4577
4770
4843
4905
205
408
622
827
1035
1242
1447
1656
1868
2047
2275
2483
2691
2901
3104
3286
3507
3709
3895
4107
4350
4510
4762
4917
5130
5344
5567
5781
6001
6206
6391
6579
6827
7036
7241
7455
7646
7829
7985
8289
8415
8663
8872
9111
9263
9422
9655
9934
10097
10310

