98
188
283
380
479
566
670
763
855
960
1053
1145
1234
1329
1428
1523
1625
1713
1810
1906
2003
2096
2194
2289
2382
2474
2572
2667
2762
2841
2950
3078
3144
3245
3339
3425
3531
3638
3719
3822
3946
4017
4103
4213
4554
4385
4565
4570
4674
4771
149
294
444
600
741
886
1039
1190
1362
1484
1644
1786
1942
2102
2236
2390
2535
2692
2840
2990
3133
3279
3423
3571
3720
3868
4011
4180
4328
4473
4610
4774
4926
5067
5229
5369
5651
5779
5823
5978
6181
6372
6570
6579
6715
6881
7040
7175
7339
7479
133
225
338
448
568
678
798
909
1033
1140
1268
1373
1490
1580
1706
1789
1939
2025
2143
2376
2553
2511
2678
2861
2902
3041
3278
3227
3367
3419
3527
3642
3746
3895
3966
4099
4369
4372
4557
4599
4698
4774
5151
5007
5114
5235
5346
5478
5571
5669
190
375
567
754
954
1132
1324
1510
1700
1888
2077
2279
2461
2650
2839
3024
3214
3418
3593
3775
3977
4156
4376
4518
4745
4897
5121
5306
5492
5684
5896
6046
6251
6456
6635
6840
6996
7228
7409
7604
7771
7975
8152
8340
8543
8720
8917
9089
9297
9482

94
188
285
380
474
570
665
756
847
949
1042
1144
1231
1327
1428
1520
1616
1709
1795
1903
2010
2084
2194
2283
2373
2470
2568
2656
2755
2844
2949
3041
3140
3239
3327
3423
3513
3619
3701
3803
3900
4003
4115
4194
4300
4385
4483
4556
4665
4769
149
298
449
601
747
896
1047
1187
1338
1488
1647
1790
1941
2093
2241
2394
2543
2685
2828
2998
3132
3309
3434
3579
3760
3866
4046
4295
4341
4494
4692
4793
5110
5139
5244
5380
5643
5697
5843
5982
6129
6288
6453
6587
6750
6888
7043
7203
7350
7480
116
225
335
454
566
683
792
906
1025
1134
1267
1362
1482
1595
1705
1814
1932
2039
2157
2271
2391
2521
2600
2726
2834
2951
3063
3213
3311
3419
3515
3635
3768
3872
4108
4112
4214
4343
4380
4524
4662
4793
4887
4989
5118
5288
5353
5457
5601
5668
191
379
570
769
962
1132
1325
1560
1696
1909
2118
2318
2564
2709
2850
3044
3249
3429
3628
3945
4073
4406
4418
4586
4811
4968
5192
5434
5718
5954
5929
6223
6331
6765
6761
6853
7044
7261
7423
7783
8056
8372
8358
8492
8634
8800
9016
9252
9443
9659

97
192
290
389
487
598
685
774
876
967
1071
1160
1258
1349
1461
1546
1641
1735
1844
1923
2027
2144
2221
2391
2435
2557
2628
2725
2823
2956
3022
3128
3201
3318
3397
3507
3620
3704
3804
3926
3970
4101
4169
4280
4361
4487
4553
4639
4748
4906
154
305
455
612
775
917
1070
1229
1384
1524
1679
1829
1989
2154
2290
2415
2582
2785
2880
3028
3214
3362
3505
3661
3791
3960
4095
4262
4393
4542
4722
4856
5010
5182
5384
5454
5634
5752
5966
6353
6251
6388
6507
6689
6826
6984
7139
7296
7420
7584
117
244
354
466
597
779
840
954
1077
1235
1305
1454
1566
1653
1835
1902
2011
2149
2249
2367
2510
2808
2850
2844
2951
3116
3292
3368
3483
3551
3723
3768
3907
4036
4151
4310
4385
4738
4807
4748
4887
5087
5140
5213
5363
5477
5580
5708
5817
5898
192
382
587
766
963
1142
1329
1532
1718
1901
2119
2280
2495
2682
2905
3049
3231
3498
3656
3837
3995
4228
4390
4583
4800
4947
5152
5403
5598
6543
5936
6109
6374
6528
6691
6903
7092
7279
7499
7692
7855
8023
8213
8417
8615
8775
8982
9160
9340
9537

98
192
290
386
480
581
669
785
867
964
1057
1160
1260
1357
1435
1542
1626
1739
1821
1930
2020
2120
2233
2319
2396
2492
2598
2690
2789
2894
2988
3078
3232
3286
3383
3470
3548
3665
3752
3840
3968
4053
4143
4228
4346
4440
4541
4621
4723
4819
153
302
453
619
771
911
1078
1202
1364
1556
1757
1883
1980
2118
2280
2414
2572
2755
2874
3038
3183
3338
3490
3640
3794
3949
4087
4244
4443
4546
4683
4859
5004
5156
5309
5454
5626
5770
5931
6070
6231
6392
6510
6684
6821
7005
7120
7265
7407
7589
121
239
356
475
601
723
826
951
1074
1187
1312
1443
1565
1685
1811
1894
2028
2131
2258
2387
2474
2628
2765
2885
2964
3114
3220
3367
3471
3625
3718
3769
3894
4034
4165
4299
4422
4529
4644
4777
4990
5008
5121
5229
5347
5480
5615
5682
5766
5921
192
396
587
803
984
1153
1338
1528
1722
1907
2126
2359
2480
2685
2854
3109
3267
3522
3649
3820
3995
4191
4428
4586
4797
4984
5161
5436
5573
5730
6043
6240
6274
6480
6653
6854
7012
7246
7757
8176
7852
7971
8157
8350
8566
8722
8921
9086
9303
9506

97
194
290
386
480
575
668
763
862
969
1052
1151
1244
1352
1429
1527
1642
1727
1813
1912
2039
2135
2204
2300
2397
2490
2586
2676
2799
2992
2973
3055
3194
3254
3348
3455
3528
3635
3713
3816
3911
3995
4117
4186
4300
4380
4498
4605
4702
4767
150
300
450
601
755
897
1049
1195
1343
1504
1644
1796
1953
2087
2245
2398
2542
2695
2866
2998
3141
3310
3447
3585
3751
3890
4054
4180
4338
4481
4643
4812
4946
5096
5253
5383
5546
5679
5842
5993
6151
6299
6405
6624
6818
6900
7035
7213
7328
7527
117
228
348
460
611
724
814
929
1033
1154
1287
1407
1520
1618
1733
1849
1952
2087
2202
2310
2426
2541
2645
2754
2883
3010
3142
3276
3343
3466
3579
3750
3829
4188
4047
4177
4269
4380
4543
4644
4746
4876
4956
5127
5176
5315
5484
5571
5660
5719
187
378
562
752
943
1133
1323
1516
1708
1894
2074
2268
2458
2645
2837
3020
3208
3397
3592
3789
3970
4163
4357
4551
4727
4924
5119
5300
5480
5678
5847
6056
6243
6423
6654
6816
6999
7181
7388
7576
7781
7979
8392
8378
8551
8765
8955
9152
9299
9500

96
190
287
388
477
573
673
768
859
957
1050
1144
1264
1354
1442
1536
1634
1734
1830
1921
2026
2116
2214
2310
2411
2493
2597
2700
2798
2890
2972
3095
3172
3263
3368
3456
3575
3674
3757
3858
3954
4047
4167
4242
4308
4407
4523
4614
4710
4793
150
299
451
605
753
900
1055
1199
1352
1498
1646
1803
1947
2114
2244
2390
2568
2694
2843
3005
3151
3291
3454
3597
3766
3906
4054
4217
4356
4491
4666
4846
4939
5076
5314
5417
5536
5701
5861
6035
6189
6380
6515
6705
6831
7083
7000
7209
7315
7440
116
229
345
462
578
704
813
923
1047
1156
1266
1378
1495
1624
1728
1843
1967
2099
2207
2306
2413
2521
2638
2749
2872
3668
3204
3326
3748
3465
3615
3660
3799
3942
4042
4177
4272
4361
4549
4600
4739
4850
4970
5079
5181
5318
5420
5526
5661
5741
189
375
570
756
945
1137
1330
1523
1703
1885
2085
2282
2467
2652
2847
3032
3206
3406
3655
3784
3966
4156
4338
4549
4735
4928
5124
5298
5479
5672
5869
6049
6223
6432
6607
6812
7137
7337
7571
7754
7888
8076
8241
8442
8643
8867
9012
9178
9404
9591

95
191
288
382
478
579
686
768
864
961
1056
1158
1251
1352
1442
1559
1690
1727
1833
1943
2021
2130
2211
2301
2410
2485
2600
2682
2773
2898
3003
3081
3184
3266
3348
3502
3566
3643
3768
3891
3966
4056
4110
4253
4344
4441
4556
4671
4713
4814
152
323
452
602
754
921
1074
1207
1376
1502
1660
1804
1998
2177
2261
2458
2588
2750
2873
3060
3254
3412
3494
3635
3783
3944
4075
4238
4435
4686
4934
4869
5052
5180
5276
5544
5577
5719
5896
6054
6209
6359
6492
6630
6800
6949
7083
7258
7417
7581
114
245
356
471
592
708
835
963
1084
1180
1308
1425
1590
1648
1791
1929
2039
2175
2275
2365
2527
2624
2712
2850
2984
3149
3191
3392
3478
3578
3712
3789
3973
4067
4161
4306
4362
4541
4650
4834
4866
5034
5215
5375
5392
5538
5628
5695
5985
5983
191
379
570
760
947
1136
1326
1565
1712
1899
2099
2280
2483
2667
2897
3091
3231
3453
3629
3809
3997
4379
4375
4639
4785
4931
5162
5346
5540
5740
5918
6109
6320
6483
6679
6869
7070
7269
7457
7644
7820
8046
8186
8409
8609
8794
8990
9184
9359
9589

98
191
286
387
482
573
671
776
865
949
1061
1150
1260
1336
1445
1529
1630
1754
1835
1913
2014
2124
2222
2341
2404
2519
2621
2709
2830
2893
2985
3068
3186
3288
3361
3453
3590
3663
3735
3868
3963
4052
4285
4264
4302
4431
4527
4628
4730
4827
149
299
451
605
749
906
1053
1246
1346
1499
1653
1819
1955
2129
2264
2411
2554
2694
2863
3003
3180
3311
3481
3612
3789
3929
4088
4234
4370
4550
4697
4955
5045
5108
5264
5407
5604
5725
5870
6038
6177
6329
6506
6639
6810
6972
7108
7255
7437
7570
113
240
368
471
591
708
839
947
1068
1172
1280
1374
1540
1616
1729
1838
1961
2083
2202
2309
2884
2707
2926
2930
3030
3142
3261
3391
3553
3612
3683
3859
3976
4070
4179
4396
4453
4634
4716
4907
4898
5189
5294
5268
5437
5526
5486
5800
5900
5977
190
378
570
756
956
1147
1336
1531
1705
1910
2096
2287
2482
2672
2876
3065
3242
3451
3611
3801
3992
4218
4384
4577
4756
4920
5129
5306
5514
5677
5876
6054
6279
6448
6648
6835
7021
7222
7419
7568
7771
7985
8174
8355
8546
8726
8902
9132
9309
9510

94
190
284
380
471
589
664
761
858
960
1042
1142
1245
1329
1438
1517
1643
1718
1803
1910
2003
2093
2186
2282
2386
2476
2566
2677
2759
2882
2963
3054
3153
3236
3345
3430
3541
3616
3707
3807
3895
3993
4086
4200
4286
4383
4475
4570
4654
4756
150
296
447
598
745
896
1048
1190
1338
1494
1639
1788
1945
2098
2241
2411
2527
2698
2838
3004
3143
3285
3458
3595
3744
3888
4032
4161
4337
4484
4619
4778
4925
5069
5223
5387
5536
5662
5820
5996
6107
6267
6440
6579
6743
6874
7020
7172
7329
7493
114
224
337
451
574
683
802
917
1024
1134
1245
1363
1470
1585
1717
1811
1935
2055
2158
2260
2386
2500
2616
2720
2851
2956
3073
3191
3309
3425
3523
3630
3760
3869
3969
4093
4203
4333
4437
4544
4659
4781
4901
5034
5132
5199
5375
5376
5616
5714
189
378
569
754
950
1161
1361
1513
1706
1905
2084
2274
2461
2644
2846
3036
3244
3428
3595
3793
3977
4175
4364
4551
4757
4932
5116
5309
5616
5879
5943
6078
6269
6485
6644
6924
7353
7240
7516
7677
7864
7972
8146
8395
8740
8870
9051
9148
9287
9498

95
189
289
383
477
572
670
764
856
954
1053
1153
1243
1339
1435
1527
1626
1709
1814
1913
2011
2100
2195
2289
2389
2491
2570
2673
2779
2865
2954
3066
3168
3243
3343
3438
3553
3621
3732
3830
3916
4014
4103
4196
4310
4382
4481
4575
4671
4766
149
299
449
601
753
912
1052
1191
1347
1493
1646
1803
1951
2095
2252
2392
2551
2696
2843
3001
3143
3296
3454
3612
3748
3906
4047
4194
4337
4495
4632
4840
4993
5093
5245
5400
5574
5698
5845
5990
6198
6466
6436
6587
6735
6901
7040
7192
7393
7493
115
229
347
457
585
701
809
920
1041
1154
1267
1392
1501
1625
1759
1855
1963
2108
2192
2319
2428
2550
2656
2774
2878
2998
3130
3229
3375
3497
3560
3680
3801
3925
4037
4149
4270
4386
4504
4597
4747
4821
4963
5076
5184
5323
5422
5818
5793
5945
196
381
572
762
957
1154
1334
1547
1713
1933
2106
2290
2475
2663
2854
3046
3251
3431
3615
3811
4062
4192
4374
4576
4750
4976
5169
5378
5544
5730
5931
6306
6297
6482
6666
6862
7142
7276
7453
7682
7839
8030
8192
8391
8584
8819
8948
9148
9312
9522

