5,60291373164312
5,46815770625769
7,91292149778806
7,99974192077886
7,99974873459947
7,99973702486231
7,99970986718962
7,99976940927576
7,99971788877691

5,58168054724909
5,46791373014726
7,91386739999479
7,99972614940423
7,99971725719375
7,99972256373039
7,99972448181358
7,99967873598282
7,99973918615439

5,60288532571998
5,68351242495477
7,92286783252427
7,99970348148538
7,99972538532461
7,99978576758472
7,99973578886716
7,99975573960876
7,99970291589145

5,60292420214936
5,70530320180077
7,91296411832031
7,99970237224735
7,99978531035643
7,99972924199185
7,99972260438068
7,99973823605991
7,99971593530519

5,6049541796601
5,77015733077987
7,91981097454097
7,99969150348851
7,99972840065339
7,9997550664462
7,99974011316074
7,99975229236724
7,99971547309754

5,60177894448255
5,56710729295382
7,91909581786339
7,99966808926089
7,99972880621416
7,99974640246021
7,99975818666084
7,99971871571812
7,99976020147633

5,60162337924558
5,73292966615613
7,92020431547983
7,99976086990664
7,99975465676768
7,99972290764142
7,99977963529296
7,9997126451622
7,99971961470428

5,60307169240442
5,59981049624413
7,90746610445633
7,99970479901477
7,99973740575935
7,99977112130425
7,99974122022005
7,99970203742083
7,99975231650778

5,6026109474736
5,42488026255663
7,9158440130718
7,99974471488414
7,99972906011073
7,99967891374296
7,99973116091014
7,99976688999698
7,99969921200025

5,60392681320009
5,64181825513905
7,90864503088666
7,99972574067673
7,99973255439726
7,99974281365692
7,99973111590667
7,99975349107359
7,99969491512225

7,23385269630422
6,52478400941746
7,99967194597828
7,99996659577043
7,99996466885083
7,99996822651946
7,99996506741592
7,99996852408285
7,99997149279807

7,17065928299154
6,49697828448044
7,99968236605477
7,99997024565999
7,99997135854662
7,99996815388666
7,99996840715215
7,9999738669301
7,99996928358505

7,23397375536489
6,65493005167669
7,99968338167577
7,99996450267811
7,9999668865015
7,99996930597949
7,99997030940615
7,99996848626304
7,99997198913121

7,23260674081786
6,67427667663263
7,99971943020283
7,99996728283944
7,99996564575095
7,99997060443618
7,99996832778256
7,99996818191138
7,99996383469324

7,2282029058279
6,69825845490463
7,99967692928374
7,99997316907879
7,99996940493361
7,99996741062725
7,99996880003953
7,99996611096311
7,99996632512582

7,22287221973668
6,37598319440614
7,99967715292836
7,99997079473057
7,99996893128905
7,99996763484432
7,99996638367849
7,99996943409853
7,99996379789012

7,22747813781366
6,7123999206669
7,99971352490181
7,99996898572122
7,99996810267249
7,99996658375513
7,9999669945977
7,99997011186813
7,99997035978149

7,06303551554835
6,50119687567253
7,99971818480264
7,99996847934853
7,99997267999758
7,99996776305135
7,9999667713188
7,99997071783797
7,99996724924068

7,23247672710273
6,44132636375129
7,99969362204143
7,99996706951364
7,99996912055981
7,99997153729822
7,99997370709579
7,9999760673743
7,99996906758113

7,22788885088994
6,53289155821825
7,99964062123357
7,99996643180609
7,99996476204116
7,99996733640638
7,9999675813903
7,99996958812784
7,99996904106752

6,85828397938823
6,06587493580967
7,95310014143544
7,99732358847119
7,99754542309515
7,99749305788989
7,99762615611888
7,99744522358341
7,99727208346791

6,87500061714977
6,04897628606049
7,95215769165363
7,99856115230911
7,99874818699024
7,99863994795197
7,99866990778647
7,9986744688292
7,99873478827393

6,88032487823791
6,04067429889894
7,95108683590745
7,99893678159285
7,99903608369076
7,9989862760994
7,99894464560513
7,99911618810917
7,99902230496988

6,87439171313542
6,02894771622849
7,95071058309101
7,99919332520939
7,99929916039023
7,99927944098189
7,99907942864399
7,9993273562854
7,99926397018735

6,86894686757016
6,02565383945788
7,94985189176075
7,999301070366
7,99939375347781
7,99941455542001
7,99922921785763
7,99941747014621
7,9994061952579

6,87573385658587
6,05961057646674
7,95353524520532
7,99940902763396
7,99953135149355
7,99949180955958
7,99937913179457
7,9995142823858
7,99949096793198

6,87286549992373
6,05130230072802
7,95303101860111
7,99948185849876
7,99959889208864
7,99952887867349
7,99943868247219
7,99955423962174
7,99955912254124

6,87320006758666
6,047038872589
7,95259145698647
7,99951538504055
7,99960946450423
7,99955243521016
7,9995082381381
7,9996033277779
7,99959645134903

6,86895409169873
6,03851273996638
7,95176450132505
7,99954486696141
7,99963635128425
7,99959165075732
7,99956589160803
7,99966738049155
7,99962273990329

6,86818943328472
6,03810543014294
7,95208995816515
7,99959151121543
7,99966347702683
7,99961588800469
7,99960334155127
7,99967630243537
7,9996579854987

6,85955909990509
6,03324989591898
7,95216501805242
7,99960732888875
7,99970209704436
7,99964603040534
7,99962672923491
7,99969263384271
7,99964370584354

6,85341445608692
6,02600447782648
7,95173459730132
7,99962356799225
7,99970983418626
7,99967737228874
7,99966406453775
7,99971162916175
7,99966729846435

6,85141693336439
6,02207137790711
7,95144880934353
7,99965587682596
7,99971293448385
7,99968587664885
7,99966760213336
7,99972455804395
7,99968319555313

6,85350302251645
6,02212533356724
7,95145783984763
7,99967002329188
7,99973545647961
7,99970220292341
7,99968317002264
7,9997471363964
7,99969894965743

6,85165374358196
6,01784230792251
7,95119301338142
7,99968035983449
7,99974898819363
7,99971437218601
7,99970257448895
7,99975051410958
7,99971975357359

6,84666466858692
6,01505509628071
7,95093230403871
7,99969310985844
7,99976298668071
7,99973387312042
7,99971792115375
7,99975893334408
7,99972966462943

6,84337919244414
6,0113757222868
7,95062027119348
7,9997022280621
7,99976280084707
7,99974447492832
7,99971552399887
7,99977072752552
7,99973919816719

6,84093944768766
6,00785892384497
7,95034833486237
7,99971286186819
7,99977005758991
7,99975170123423
7,99972782099194
7,99977027357812
7,99974547287458

6,83930860907044
6,00463490442753
7,94998327976105
7,99972052459616
7,99977836646297
7,99976440677536
7,99973403938207
7,99977210837898
7,99974555732916

6,8391899055038
6,00261255337135
7,94971421239754
7,99973375938586
7,99978776552733
7,9997830025743
7,99973460743641
7,99977684598651
7,99975971076247

6,84040251989254
6,00125645573159
7,94946376456102
7,99974058821828
7,99978973263858
7,99977673293625
7,99974370737492
7,99978236819762
7,99976657821455

6,83800142842194
5,9984074422056
7,94914381472745
7,99974432748657
7,99979017210201
7,9997734748255
7,99975073689823
7,99978537495896
7,99977361532114

6,84118650509314
6,00569349739246
7,94977864560958
7,99975311257937
7,99979039902136
7,99978243776098
7,99975834154668
7,99979754532393
7,99977994070781

6,84067221371512
6,00429768868828
7,94960990767411
7,99975629247283
7,99979028144858
7,9997822921746
7,99976873577531
7,99979914570587
7,9997818350992

6,83888732922168
6,00194420912329
7,94935582976645
7,99976210045145
7,9997897968816
7,99978824066045
7,99977010756532
7,9998022900945
7,99978967203959

6,83709909752316
5,99994534227277
7,94931168620939
7,99976786109662
7,99978741739726
7,99978744869433
7,99977133632316
7,99980189828085
7,99979898099284

6,83391083411756
5,99771954675825
7,94904246341348
7,99976978075529
7,99979115403394
7,99979525379731
7,99977563772804
7,99980410785305
7,99979694790147

6,8331056178169
5,99610875918541
7,94875254322054
7,9997744453648
7,99980317954718
7,9998043336588
7,99978536154678
7,99980629902373
7,9998039002236

6,83097310424873
5,99419518169064
7,94865595526221
7,99977610088016
7,99980768813462
7,99980690725574
7,99978248722079
7,9998050835006
7,99980900587199

6,83035352417622
5,99253442895772
7,94844345365881
7,99977769280199
7,99980792882944
7,99981261064286
7,99978464901525
7,99980516579416
7,99980812648035

6,82933427346528
5,99086255586337
7,94833618922889
7,99978559407083
7,99981553717041
7,99982400581322
7,99979446741293
7,99981005195298
7,99980893966737

6,82949605277527
5,9899380290459
7,94814425756334
7,99979162364066
7,99982219167419
7,99983241488168
7,99979869279333
7,99981032909453
7,99981295393827

6,82904262258818
5,98864592787324
7,94788600837925
7,99979461212815
7,99982143050956
7,99983216191479
7,99980093696817
7,99980972301811
7,99981697335111

6,8286649809379
5,98853683021329
7,94798000212922
7,99979796621698
7,99982367827128
7,99983440187894
7,99980030697622
7,99980861355564
7,99982166812046

6,82752708289572
5,98714789627045
7,94772955089197
7,99980124264966
7,99982999204494
7,99983697976836
7,99980286014356
7,99981105119892
7,99982552373561

6,82892085135718
5,98738012466401
7,94763789102711
7,99980428963397
7,99983402511708
7,99983934068246
7,99980123112202
7,99981029371021
7,99982585014704

6,82866996590636
5,98685247353949
7,94752458396619
7,99980557968648
7,99983381234927
7,99983965070544
7,99980042439732
7,99981339057039
7,99982432902059

6,82739664368411
5,98709788459615
7,9475312456907
7,99981236417737
7,99983257207837
7,99983952795481
7,99980064915231
7,99981337796583
7,99982587146784

6,82633616393828
5,98610652663671
7,94748879573382
7,99981279861552
7,99983599601585
7,99984122177462
7,99980204822834
7,99981148333402
7,99982331636712

6,82414027909159
5,98481962156221
7,9474176224031
7,99981157088662
7,99983934592634
7,99984286212677
7,99980778485255
7,99981414629633
7,99982675227121

6,82243486006901
5,98315011284864
7,94728041199034
7,99981685926103
7,99984424776322
7,99984576454882
7,99980929349622
7,99981821959566
7,99983006020326

6,82184712399789
5,982248505152
7,94714883998263
7,99981911941189
7,9998448658301
7,99984782733648
7,99981175069696
7,9998161992922
7,99983168636779

6,82083155915297
5,98154130628935
7,94713069240466
7,99981979020067
7,99984874868126
7,99985240748758
7,99981540454134
7,99981805765039
7,99983343101631

6,82052316255337
5,98168045907967
7,94713738705507
7,99982039278453
7,9998527946171
7,99985419869404
7,99981587762007
7,99981647676474
7,99983357513812

6,82064826679473
5,98091591509236
7,9470357162965
7,99982159368592
7,99985287765007
7,99985366494148
7,99981603587324
7,99981774860575
7,99983197719117

6,82083608562243
5,98056775824819
7,94700615499241
7,99981966434635
7,99985699942577
7,9998552756491
7,99981837092513
7,99981346468827
7,99983434994543

6,82049817550661
5,98037109256177
7,94703030251721
7,99982137552761
7,99986123865231
7,99985360916238
7,99982069733275
7,99981689346045
7,99983837041277

6,82047059212404
5,98017578807347
7,94702949295537
7,99982108897596
7,99986300285594
7,99985418652015
7,99981959619513
7,99981484437382
7,99983922702468

6,82002946922644
5,98009609807175
7,94701500117167
7,99982561131897
7,99986396459526
7,99985786640802
7,99982340047736
7,99981564855907
7,99984142268292

6,81884727562419
5,97942159799031
7,94698914039702
7,99982645092367
7,99986103745303
7,99985768227034
7,99982140569929
7,99981697544118
7,99984255648531

6,80901708894776
6,04518045310524
7,95240386075859
7,99721791388485
7,99712446703478
7,99711552627498
7,99754375983275
7,99773359670596
7,9971729706595

6,82304656293027
6,02351759794366
7,95242052315872
7,99851860882535
7,99858418668641
7,99839100377385
7,99867563850053
7,99871228478322
7,99865978135439

6,8278268828335
6,01231347642938
7,95103533719998
7,99896920051871
7,99899528991875
7,99891897415311
7,99912128060062
7,99910754969125
7,99883639723077

6,82203211017356
5,99948441705758
7,95182593689292
7,99915728986311
7,99922094151657
7,99914142820219
7,99936256014523
7,9992831200125
7,99911150223244

6,81708612053936
5,99571704567875
7,95171539447611
7,99930335995852
7,99929740267072
7,99921527408987
7,99947161733113
7,9993599881804
7,99927730360212

6,8266153190437
6,03864573843994
7,95449141255184
7,99940944520049
7,99942453952616
7,99935592348108
7,99954856482748
7,99944556671738
7,99939113244888

6,82351880625953
6,02930439024326
7,95400975686927
7,99944648963407
7,99950834125366
7,99943504830376
7,9995860735002
7,99950469096751
7,99945157051141

6,8233793471457
6,023215736779
7,95439978929726
7,99952665962109
7,99955521470027
7,99949753107508
7,9996087489668
7,9995416251538
7,99950307233699

6,81881222420324
6,01225554882673
7,95408574395577
7,99960232857019
7,99960249443197
7,99956140142222
7,99963385595662
7,99957360456732
7,99955660941474

6,8175724989658
6,01150934925084
7,95417252711936
7,9996228139655
7,99963351704619
7,99958321645248
7,99964349636388
7,99959875260237
7,99959429635382

6,80900835505982
6,00612743617861
7,95403682440771
7,99964553243822
7,99967394432907
7,99960509122965
7,99966214994528
7,99962377115699
7,9996252766339

6,80231394166864
5,99876193319708
7,95372462488739
7,99967350447889
7,99967741090995
7,99964321700945
7,99969000578364
7,99964725663258
7,99964871683275

6,79992881166095
5,9936573678059
7,95334436210489
7,99968862044254
7,99969944478324
7,99967483245694
7,99968790699762
7,99967596241564
7,99967478607815

6,80193913242839
5,99350994600092
7,95309888893524
7,99970682706431
7,99970185728849
7,9996899989545
7,99970085317405
7,99969138001784
7,99970399448003

6,79981673745279
5,98925010199512
7,95282123760946
7,99970287979432
7,99970952765258
7,99970939113441
7,9997127681241
7,99970041586655
7,99971998955998

6,79499166650871
5,9864279271283
7,95285097674651
7,9997168703453
7,99971721635519
7,99971586360317
7,99972298554626
7,99971136383
7,99973694904448

6,79147020114871
5,98178049061639
7,95274672044912
7,9997236445671
7,99973672891856
7,99972014758864
7,99973079080639
7,99972404841788
7,99973962036101

6,78891690091634
5,97773480424456
7,9525476711246
7,99971944063051
7,9997418863531
7,99973026104015
7,99973575836717
7,99972728931117
7,99975943504093

6,78716747631898
5,97413648317784
7,95230023257942
7,99973273658038
7,99974862010026
7,99975486749489
7,99974621060437
7,99973671325825
7,99976542724654

6,78685652677541
5,97166047493375
7,9519961559108
7,99973804441713
7,99976070103132
7,99975754344219
7,99975344223009
7,99974299400358
7,99977312821279

6,78809779429771
5,96959700757128
7,95189109557641
7,99974530492162
7,99976256726937
7,99975731506396
7,99976217824064
7,99974359609712
7,99977641345431

6,78585574246022
5,96613929697758
7,95157873216901
7,99975013124167
7,99976619027431
7,99976685725755
7,99976216484297
7,99975457187438
7,99978331877628

6,78932567637879
5,97477514700766
7,95214909540427
7,99975370684637
7,99977517578638
7,99978178110694
7,99976837660578
7,99976847579755
7,99978803834908

6,78882678389008
5,97271174704743
7,95199348250453
7,9997521158404
7,99977781701815
7,99978121808828
7,99977077112077
7,99976480545794
7,99978998192539

6,786944716356
5,97012538042958
7,95190655805025
7,99976084067568
7,99977934276501
7,99978265860677
7,99977633387869
7,99976845705556
7,99979608990583

6,78512786167837
5,9679578383832
7,9518099421033
7,99975869637103
7,99977937686207
7,99977678356301
7,99977387530747
7,99976810156529
7,99980246599255

6,78175854945283
5,96546831001815
7,95170406247677
7,99976166736757
7,99978371899901
7,99978097236697
7,99977330454933
7,99977050665042
7,99981033490884

6,78094356431602
5,96336231913278
7,95147802955421
7,99976387060116
7,99978688460297
7,99978318374991
7,99978056428468
7,99977726434449
7,9998101434052

6,7787765027819
5,96136879972312
7,95129678699343
7,99977172939644
7,99979247086986
7,99978494172083
7,9997780215823
7,99978312188187
7,99981394407084

6,77805161835548
5,95934479695398
7,9510082797558
7,99976661897952
7,99979488609083
7,99978824089991
7,99978629096431
7,99978349420467
7,99981522870828

6,77696335714582
5,9572823406013
7,95081729886718
7,99976798787863
7,99980473402413
7,99979178705321
7,99978833613353
7,99978940778614
7,99982026697199

6,77710495306596
5,95593990490257
7,95068807406899
7,99976942026984
7,99980405732186
7,99979733782535
7,99978930619737
7,9997986836954
7,99982361838691

6,77657261370519
5,95420643428189
7,95059754974394
7,99977372208117
7,99981127216726
7,99980210997751
7,99979714443225
7,99979982866877
7,99982359392351

6,77628417452697
5,95405150144169
7,9505592862877
7,999776799565
7,99981271975873
7,99980181380791
7,99979866403771
7,99979894043744
7,99982518741242

6,7751100081498
5,95242459004959
7,95038760786001
7,99978102000993
7,99981686975843
7,99980656819987
7,9997982055989
7,99980203603482
7,99983199547332

6,77647288398259
5,95230159739411
7,95029176521273
7,99977994951699
7,99981775427143
7,99980874959125
7,99979884113741
7,99980123139939
7,99983172112956

6,77624136360786
5,95154014111326
7,95022544600408
7,9997826189759
7,99981563371931
7,9998129159917
7,99980252767557
7,9998040931268
7,9998327833419

6,77508600438538
5,95224547002103
7,95040456172795
7,99978643245285
7,99981975723702
7,99981187916349
7,99980421440462
7,99980926182177
7,99983717375167

6,77396904176424
5,95128284188334
7,95036752370231
7,99978759220762
7,99982053222698
7,99981225889271
7,99980497075805
7,99980928162415
7,99983855950837

6,77186111574769
5,94982401487557
7,95033448435262
7,99978877097846
7,99982192898544
7,99981657145642
7,99980778592784
7,99981019462065
7,99983994279598

6,77001899945873
5,9479605182583
7,95016114809503
7,99978720023328
7,99982727254088
7,99982133947549
7,99981425036959
7,99981113089847
7,99984132506464

6,76938494331808
5,94690632958868
7,95013250865962
7,99978686330667
7,9998292943307
7,99982454491509
7,9998169651488
7,99981455749352
7,99984340128906

6,76828614670151
5,94593662172545
7,95012815117023
7,99978778856788
7,99983396476204
7,9998280856652
7,99982059243347
7,99981592258539
7,99984293384495

6,76791559226759
5,94621709147656
7,95015583059939
7,99978858418334
7,99983647926822
7,99982818834626
7,99982320055001
7,99981580212891
7,99984427190455

6,76800930165467
5,94535184655682
7,94997861716682
7,99978867105644
7,99983621004539
7,99982826130803
7,99982625834523
7,99981737164741
7,99984572784721

6,76819677940283
5,94491476517677
7,94996728741974
7,99978771693786
7,9998345671955
7,99982880444223
7,99982649321661
7,99981833066003
7,99984939899828

6,76790139641469
5,94468770539209
7,94997377662926
7,99978894829298
7,99983900900583
7,9998290849975
7,99982986044442
7,99982228428869
7,99985011480231

6,76792891246833
5,94450321121548
7,94998268940385
7,99978833847779
7,99984022057448
7,99982772552311
7,99983194547296
7,99982199684713
7,99985329694156

6,76740609537331
5,94436007875539
7,95000608640811
7,99979266877158
7,99984019358894
7,99982924838566
7,99983489616582
7,99982467751656
7,9998542903152

6,76618594010618
5,94358350558598
7,94998073454814
7,99979696283596
7,9998431646729
7,99983222410986
7,99983637955149
7,9998263453438
7,99985233028364

6,85369490882198
6,19382394966844
7,95929557149319
7,99723897532785
7,99760877239253
7,99766232790797
7,99788215080219
7,99739294309169
7,99740619472974

6,86865189988126
6,1786378558428
7,9592143706078
7,99855400504583
7,99863747038165
7,99874579242086
7,99856068139667
7,99855421611318
7,99857199072646

6,87306878045463
6,17063987555912
7,95766604939656
7,9987360808844
7,99908059045905
7,99907263678678
7,99909938027503
7,99899233564265
7,99897276457672

6,86969289066831
6,15926987515827
7,95666894622443
7,99913896128589
7,99922914346543
7,99921096789626
7,99928327531277
7,99926077526123
7,99923681722713

6,8648470514659
6,15549939580342
7,95685110401621
7,99929991216707
7,99938901438965
7,99934945837161
7,99940346705631
7,99937757050218
7,99934098146021

6,87191378266675
6,19570712294375
7,95959827374344
7,99946727468808
7,99950863428237
7,99949471688668
7,9995061675811
7,99946601097778
7,99945072720313

6,86896467663356
6,18761228233967
7,95932688861229
7,99955518904576
7,99955513054957
7,99952369880409
7,99954171540683
7,99954729008282
7,99948852249988

6,86892902603355
6,18255863762287
7,95872430878249
7,99958654959996
7,99957798963614
7,99954974404029
7,99956110403909
7,99955961406675
7,99953623440083

6,86471936296605
6,17357477219597
7,95784465117311
7,99962311149212
7,99962331916611
7,99961347205535
7,99958480561624
7,9995989358239
7,99956448229757

6,86368262520399
6,17285368901133
7,95796954587908
7,99965345325326
7,99965609529006
7,99961381299302
7,9996172589688
7,99961475434867
7,99959158424335

6,85573428993877
6,1678173139932
7,95813846261047
7,99966540128268
7,99969171898904
7,99961476222274
7,99964595241841
7,99964125297819
7,99961877107519

6,8498490515273
6,16048730944805
7,95792097453234
7,9996799921463
7,99972141410521
7,99964062023809
7,99966648659031
7,99965396871417
7,99965231498541

6,84772000652446
6,15551514194641
7,95761990235579
7,99968551776096
7,99973507229651
7,99965668033126
7,99969119812182
7,99966286755436
7,99965763220468

6,84994596099307
6,15535841057896
7,95787409451472
7,99970494797622
7,99973263716104
7,99967821279252
7,9997088883956
7,99968406352679
7,99966813150023

6,84789582638132
6,15128319439082
7,95738880028792
7,99970981469956
7,99974311406301
7,99969088046889
7,99972098539036
7,99970675057929
7,9996801943488

6,84329984863624
6,14794701632207
7,95733506456506
7,99972060999033
7,99974828687939
7,999706194438
7,99973760390955
7,99971522327711
7,99969241734244

6,8397263458707
6,14350247438379
7,95689910702681
7,99973544489221
7,9997625094103
7,99971721360266
7,99974189486992
7,99971994900439
7,99970837585309

6,83738347785044
6,13989053826472
7,95668811745969
7,99973476305476
7,99976481834448
7,99972836320149
7,99975042338095
7,99971940889948
7,99972313324129

6,83593151609469
6,13617191398725
7,95638512873483
7,99976316049171
7,99977530260168
7,99973635402467
7,99974966462617
7,99972439460025
7,99973672015725

6,83572944976567
6,13343741986301
7,95616637617375
7,99975848967169
7,99977372168126
7,99974209329443
7,99975684540146
7,99973183105654
7,99974821733868

6,83716695237907
6,13172688957907
7,95585188371166
7,99975681831255
7,99977402170045
7,99974947234822
7,99975445164421
7,99973287876853
7,99975361487792

6,83511601026007
6,12821907308971
7,95550306286937
7,99976203277332
7,99977658950748
7,99975049205147
7,99976654572024
7,99973889051235
7,99976244890501

6,83812141533115
6,13673879612586
7,95619192298382
7,99976894248226
7,9997858552646
7,99975396156545
7,99977361109099
7,99974807989498
7,99976980192464

6,83766333310108
6,13460864370149
7,95612849071088
7,99977326076853
7,99978314441995
7,99975378458669
7,9997786239918
7,99975231760157
7,99977650739828

6,836127557739
6,13195781543334
7,95594931857774
7,99977722184506
7,99978402324857
7,99976319572385
7,99978355343291
7,99975458971022
7,99977713238546

6,83429870972045
6,12994997434871
7,95577879275959
7,99977781927568
7,99978875919197
7,99976871860991
7,99978072000756
7,99975936210721
7,99978075054289

6,83122658780375
6,12738967731195
7,95559479837195
7,99978069546537
7,99979612773101
7,99977097464907
7,99978506559405
7,99976809077416
7,99978241493864

6,83050920856279
6,12538869603079
7,95533898599522
7,99978425107241
7,99980370446858
7,99977865757124
7,9997881450336
7,99977848836597
7,99979221255234

6,82844601724019
6,12336699707958
7,95516488974609
7,9997862335232
7,99980010392618
7,99978425889651
7,9997853973682
7,99977856096335
7,99979232453338

6,82785084551077
6,12131064768227
7,95500819752497
7,99978897848102
7,99980258394954
7,99978396621968
7,9997906616294
7,9997791810662
7,99979443416937

6,82688252622626
6,11976090884512
7,95480625975955
7,99979471987583
7,99980981344146
7,99979037896243
7,9997964534084
7,99978485625772
7,99979759274967

6,82705679188943
6,11870993313278
7,95458166167747
7,99980050549692
7,99981393310816
7,99979315363523
7,99980081196637
7,99978747111192
7,99980027348849

6,82666744109863
6,11718187327902
7,95439255551726
7,99980513892188
7,99981135511256
7,99979650863162
7,99980365640872
7,99979019984352
7,99980210232869

6,82637788873278
6,11690892218303
7,95446159624763
7,99980835450667
7,99981614574277
7,99979805736349
7,99980993119871
7,99979465836552
7,99980410368638

6,82531584434607
6,11522819140584
7,95426778353185
7,99981109522225
7,99981891726524
7,99980328824893
7,99981297088175
7,99979528700677
7,9998112989234

6,82673980438891
6,11539166479405
7,95426068134878
7,99981328101053
7,99981717021189
7,99980081840941
7,99981211136195
7,99979341710497
7,99980927370212

6,82657795011282
6,11466253908263
7,95420586444827
7,99980978175824
7,99981923041133
7,99979895232497
7,99981291402639
7,99979776108506
7,99981123282692

6,82530606260501
6,11520707947798
7,95426985270112
7,99981500009976
7,9998245448624
7,99980295183114
7,99981185444201
7,99980167653637
7,99981485231096

6,82423782735156
6,11432393800459
7,95422795053855
7,99981279806274
7,99982586398461
7,99980462854978
7,99981351045581
7,9998050580451
7,99981255119538

6,82202175224004
6,11279629564264
7,95413612601653
7,99981199070473
7,99982985619711
7,99980751341579
7,99981457668576
7,99980605194799
7,99981052266251

6,82047196072548
6,11080567417252
7,95397658826347
7,9998131965332
7,99983359647474
7,99981345759167
7,99982136799124
7,99980968243456
7,99981302508265

6,81987078940834
6,10975596995541
7,95383865454221
7,999815937591
7,99983684152027
7,99981743226531
7,99982432410295
7,99981653063396
7,99981505704068

6,8188541568575
6,10882574391157
7,95389605033197
7,99981877077839
7,99984387032836
7,99982105619438
7,99982355601365
7,99981813363148
7,99981931174664

6,81837253816162
6,10901824744859
7,95392744401079
7,99981931104111
7,99984366525673
7,99982578606902
7,99982468767909
7,99981654846647
7,99982180881329

6,81853768030277
6,10819835021357
7,95386369323279
7,99981688614829
7,99984585367054
7,9998237489497
7,9998262542367
7,99981707397292
7,99982687512714

6,81874432618458
6,10788700124987
7,95381447658883
7,99981777154171
7,99984644516641
7,99982339418642
7,99982621352258
7,99981688901582
7,99982885403786

6,81844184109256
6,10766139866815
7,95382117099582
7,9998181784995
7,99984881167583
7,99982823570351
7,99982552889291
7,99981684822881
7,99982938235318

6,81846310463825
6,10749866605357
7,9537844669097
7,99981729663974
7,99985135135466
7,99982853282459
7,99982272369616
7,99981698830578
7,99982898615281

6,8180123362146
6,10739162862609
7,95381640286876
7,99981870065798
7,99985354420093
7,99983136955801
7,999823810675
7,99981828711677
7,99982972218197

6,8167689234446
6,1066177269456
7,95375198548159
7,99981683145478
7,999856602181
7,99983328975429
7,99982532807125
7,99981885860609
7,99983223386588

6,85637468555096
6,25564896201781
7,95244519602703
7,99740367029221
7,99730861177472
7,99747941936818
7,9971863235707
7,99713727499843
7,99783520926355

6,87142240266658
6,23445087711522
7,95099961342033
7,99852243205727
7,99848613558835
7,99881572662135
7,99872657727701
7,99858671962678
7,99881583396778

6,87685328430272
6,2202197139246
7,95037482276827
7,99890707051705
7,99906695225921
7,99915451251199
7,99912737157148
7,9989968513079
7,99920297302998

6,87154892986717
6,2063518691091
7,94971661486032
7,99922426707506
7,99919848027019
7,99931731189044
7,99929509312868
7,99916062950995
7,99930218279539

6,86657326030156
6,20473817709967
7,94892909612845
7,99933262741981
7,999316668507
7,99942860462256
7,99943714238358
7,99922013280785
7,99935257656134

6,87389957933764
6,24866738738363
7,9529952678076
7,99942093801532
7,9994163800152
7,9994896730587
7,99948109853729
7,9993811931699
7,99949153916469

6,87111531751607
6,2389767908702
7,95230497283038
7,99947715750988
7,99948154169517
7,99955280547114
7,99950619176591
7,9994810954873
7,99956027839691

6,87097338530481
6,23309939767108
7,95160888358047
7,99949491744047
7,99954753093237
7,99961563184527
7,99954039049949
7,99952389414281
7,99960642873796

6,86686740631948
6,22170343757765
7,95082485302409
7,99955165944807
7,99960970008928
7,99964762834478
7,99957581345845
7,99955203632934
7,99963593296401

6,86601410768046
6,22115578910471
7,95078746872929
7,99958403027345
7,99962611437217
7,99967478451436
7,99960459036449
7,99954582645305
7,99966428788706

6,85743764470668
6,21595457466544
7,95069396718111
7,99958901380717
7,99964965832114
7,99967464858611
7,99960950270118
7,99956456060965
7,99968948533566

6,85152485541319
6,20864442957143
7,95004236694003
7,99960988544375
7,99966824138915
7,99968610533431
7,99964572279261
7,99959787099824
7,99970122489478

6,8493963479588
6,20363935162632
7,94969114707861
7,99964073918633
7,99968064191202
7,99969878120388
7,99966806533839
7,9996196623373
7,99970063670395

6,85178152547884
6,20410787703016
7,94955301081029
7,99968766709645
7,99969313934984
7,99970898886316
7,99970455900964
7,99964995636727
7,99971627446416

6,84993005674294
6,19907407247331
7,94923829446908
7,99970240944579
7,99969955902411
7,9997191855815
7,99972371739494
7,99966186786978
7,99973909197809

6,84509228479245
6,19662786016977
7,94923788273315
7,99972511289334
7,99971088031719
7,99972223780973
7,99974805959838
7,9996612716609
7,99976405374469

6,84170813179217
6,19233161773948
7,94905081183627
7,99974732509989
7,999719189957
7,99972204009389
7,99975986125047
7,99967193477828
7,99977165882204

6,83924663980675
6,1885759094129
7,9488334625942
7,99975557200997
7,99972365279481
7,99973857269967
7,99976495703954
7,99967961768415
7,99977805042373

6,83766047881036
6,18460543717172
7,94844581615121
7,9997561224142
7,99973245259634
7,9997403328729
7,99977712458623
7,99968935735073
7,99978466737985

6,83756505284866
6,18196074993738
7,94821966942828
7,99976638381182
7,99974366155923
7,9997468658743
7,99978389342529
7,99969820151795
7,99978858940312

6,83880299974111
6,1800947791425
7,94783012930982
7,99976232629659
7,99975266012745
7,99975808880843
7,9997826697838
7,99970443822076
7,99979195412368

6,83655130330252
6,17665971925579
7,94748206001128
7,9997649590146
7,99975492465468
7,99976543479875
7,99977955527135
7,99970922459006
7,99980132058929

6,83989241084401
6,18563379781335
7,94814084449148
7,9997731411954
7,99976554385315
7,99976999230583
7,99978381898304
7,99973116137614
7,99980725801669

6,83956631478693
6,183649991548
7,94799057855944
7,99977101579434
7,99976725293176
7,99977145700837
7,99978751808101
7,99973594620526
7,99980687037953

6,83762283995464
6,18075711435171
7,9477673342843
7,99977540338947
7,99977326962206
7,9997751629711
7,99978927625172
7,99973750180394
7,99980868468829

6,83571453950823
6,1785966541482
7,94771737335808
7,99978169020306
7,99977843231826
7,99978145866639
7,99979495005672
7,99974419930827
7,99981299330593

6,83249370817332
6,17626981326168
7,94763116745397
7,99978513267321
7,99977992564063
7,99979198128884
7,99979854959975
7,99974933029681
7,99981314569382

6,83176838951745
6,1740480799364
7,94749909708665
7,99979121777141
7,99978922484009
7,99979440958592
7,99980134967718
7,99975545186139
7,99981630747315

6,82955391729194
6,17210620996408
7,94736903818282
7,99979366323266
7,99979364281405
7,99979254523224
7,99980154324582
7,99976019398252
7,99982212004726

6,82899471199795
6,17009726577468
7,94725786417979
7,99980098286874
7,99979346953728
7,99979832704487
7,99980009992798
7,99976341714062
7,99982251776324

6,82784235772265
6,16823303830314
7,94705807961895
7,9998033045982
7,99979280221904
7,99980445742519
7,99980613734653
7,99977072601926
7,99982927681828

6,82806038247563
6,16679024340946
7,94687675333983
7,99980581460964
7,99979470209943
7,99980617955556
7,99981115663095
7,99977661367285
7,99983254821385

6,82763389880916
6,16523093798941
7,94669202847706
7,99981753479604
7,99979382899499
7,99981232372773
7,99981455073284
7,99978509441386
7,99983713832102

6,82737391102571
6,16520026694035
7,94672342225258
7,99981772602801
7,99979133981801
7,99981191456394
7,99981835269347
7,99978412806813
7,99983933302148

6,82609848749113
6,16381302088003
7,94648553737204
7,99981891339761
7,99979642166899
7,99980987909061
7,99982168368116
7,99979039672983
7,99984115041651

6,82748768712593
6,16358113584256
7,94646126177785
7,99982434057651
7,99979962922943
7,99981458212052
7,99981562469208
7,99979055968012
7,99984208551408

6,82725725208119
6,16283758615354
7,94643266136095
7,99982338475046
7,99980168907537
7,99981804283025
7,99981462416083
7,99978689307526
7,99984374080184

6,82594383108312
6,16345761778622
7,94648268022017
7,99982660596167
7,99980480570449
7,99982335985817
7,9998192228212
7,99979071237562
7,99984410883775

6,82488483153894
6,16265392742337
7,94647386844002
7,99982524966611
7,99980283960961
7,99982473020198
7,99982216331754
7,99979311779395
7,99984339105681

6,8227057115435
6,16134561957834
7,94640428777499
7,99982985948766
7,99980669556828
7,99982616845919
7,99982516910778
7,99979563152471
7,9998458791855

6,82098006461365
6,15956196307969
7,946250585077
7,99983667858184
7,9998110846251
7,99982858854636
7,99983126739601
7,99980053606438
7,9998467380467

6,82039041945864
6,15841704553256
7,94610889239339
7,99983610166152
7,99980986934807
7,9998305404872
7,99983524771142
7,99980165440014
7,99985116719693

6,81933634423122
6,15751868592873
7,94610546152872
7,99983954133546
7,99981248594314
7,99983009860071
7,99983733395134
7,99980517749009
7,99985211882945

6,81896726167488
6,15806414025593
7,94614050958764
7,99984079353223
7,99981474769899
7,99983454021837
7,99983860675547
7,99980436839427
7,99984962904097

6,81907310514642
6,1572790767482
7,94601696873769
7,99984301805502
7,99981768699553
7,99983261297248
7,99983984876541
7,99980656847229
7,99984955801064

6,81921433601681
6,15688239560314
7,94599801045949
7,99984271460104
7,99982126263881
7,99983561384935
7,99984212836962
7,9998039901287
7,9998510363511

6,81894737278864
6,15657467105438
7,94598829291359
7,99984215527914
7,99982562932214
7,9998370491961
7,99984389665382
7,99980755749599
7,999853895862

6,81905442574649
6,15637073421265
7,94594214224099
7,99984412460657
7,99982500781557
7,99983703993082
7,99984365611186
7,99980571201696
7,99985107185077

6,81863520838416
6,15638332698
7,94593569439051
7,99984692743801
7,99982754347408
7,99983873514233
7,99984253184903
7,99980944923388
7,99985327865139

6,81741860802389
6,15567241809515
7,94587610004791
7,99984867757899
7,99982860417977
7,99984136521481
7,99984594804203
7,99981162079536
7,99985412710658

6,85363320136467
6,3356047424542
7,94961654055155
7,99744003964047
7,99684751322801
7,99775796871165
7,99726639101902
7,99782071932038
7,99721477333151

6,86787405295312
6,30750228131484
7,94944426503172
7,99857967963913
7,99842346873414
7,99881420162304
7,99851311445572
7,99870914769001
7,99851403559844

6,87046382986201
6,29195653848369
7,94888364217838
7,99902119105913
7,99892112436382
7,99909562488709
7,99901185557596
7,99900967932987
7,99898832214626

6,86562653635514
6,2758246371154
7,94828386055847
7,99927674815871
7,99916391315003
7,99935117086867
7,99920589468431
7,99920539005513
7,99921990635358

6,86094486031358
6,27401335970245
7,94792001134416
7,99942699395291
7,99932664594893
7,99944805149136
7,99933229562068
7,99937268764464
7,99935966229386

6,86945153062086
6,32260030856615
7,95116657502226
7,99951168613639
7,99940708909815
7,99953010947673
7,99947737530044
7,99950111404512
7,99941253581379

6,86647887037842
6,31138323436677
7,95094898576299
7,99953693802332
7,99948140102072
7,99952733766817
7,99951834944336
7,99955703049454
7,99950658454373

6,86604590917713
6,30484260423868
7,95086926711956
7,99957128119168
7,99951424254145
7,99957135407994
7,99957231863444
7,99955682585739
7,99955979837374

6,86160477308359
6,29350172124549
7,95031924408136
7,99961994951628
7,99956266651786
7,99958893029934
7,99959914019342
7,99960652363278
7,99960863982147

6,86079450925073
6,29282172038713
7,95009118757855
7,99962934503729
7,99959415760351
7,99958642733467
7,99961387609562
7,99962626124703
7,99962891254738

6,85284187090425
6,28661170974926
7,95015790222259
7,99966708714235
7,99960622941018
7,99961005841373
7,99963946957481
7,99964935269058
7,99964829134219

6,84684226991665
6,27890778232299
7,94996972979325
7,99968857093466
7,99963244875889
7,99964087665099
7,99967372944775
7,99966916580174
7,99967987390754

6,84482673339144
6,27400573878523
7,94965888402605
7,99971750863425
7,99964552146874
7,99965708790831
7,99967139615206
7,99967341421734
7,99968423784603

6,84689166016205
6,27458859320109
7,94950746582387
7,99971490787278
7,99967186243469
7,99968074637633
7,99969557885552
7,99968917910905
7,99969844315781

6,8447943385364
6,26946971049957
7,94922958303797
7,99972018811824
7,99968107683825
7,99970031662074
7,99970315251553
7,99969433609486
7,99972087637006

6,84029744131409
6,26646836177897
7,94915387549871
7,99973104606787
7,999685438649
7,99971321248321
7,99971583136488
7,99968824141899
7,99971903519431

6,83662416669043
6,26197150543116
7,9488910480552
7,99975079688036
7,99968664740482
7,99972037274912
7,99971825940226
7,99970437729093
7,99972698753122

6,83420052832702
6,25740481318277
7,94861844335527
7,99975906124587
7,9996990288664
7,999730883336
7,99972951624209
7,99969917749674
7,99973370098667

6,8325742494603
6,25332972213807
7,94828806126323
7,99976806060677
7,99972064333809
7,99974674628661
7,99973556345157
7,99971372090257
7,99973864978182

6,83243193915642
6,25071523022627
7,9479624997567
7,99977090289194
7,99972898935116
7,99975467832467
7,99974978500143
7,99972045782577
7,99975082868074

6,83363856050043
6,24855850276784
7,94766316172547
7,99976809989906
7,99973119724438
7,99976142304576
7,99975519523499
7,99972009543922
7,99975699489483

6,8314024926509
6,2449615497627
7,94727658819245
7,99977761921659
7,99972352450323
7,99976027232738
7,99976203757569
7,99972485779332
7,99975818094057

6,83470249510457
6,25514999414701
7,94797988424906
7,99978816356156
7,99974038813486
7,99976864409984
7,99976840770477
7,9997305855866
7,99977011763784

6,83432885561438
6,25313060613549
7,94786231886962
7,99978258855484
7,99974661337913
7,99976904555035
7,99976800156982
7,99973246596117
7,99977507381002

6,83238737919415
6,2498955507337
7,94770570882816
7,99978712113891
7,99974651584735
7,99977292364689
7,9997737223768
7,99973369412484
7,99977874224996

6,83052794528767
6,24767342622902
7,94769607062485
7,99978515541744
7,9997485820993
7,99977530162578
7,99977867032286
7,99973532084722
7,99978197462611

6,82763277642311
6,24530961950353
7,94751385609656
7,99978884936679
7,99974641787269
7,99978188854192
7,99978528938155
7,99973413834477
7,99978588961383

6,82679109655097
6,24318118980552
7,94735204404586
7,9997958777625
7,99975374692362
7,99978846931374
7,99979239623315
7,9997407205083
7,99978943436577

6,82486188736577
6,24099952550325
7,94719878356961
7,99979923786037
7,99975044984873
7,99978475641568
7,99979063104039
7,99974174332191
7,99978866758435

6,82432870234294
6,23908517866747
7,94698680293774
7,99979894359712
7,99975584608687
7,99978640517226
7,99978914699016
7,99974462616338
7,9997952556747

6,8232279157265
6,23701960849298
7,94680429714604
7,99980559611063
7,9997635415698
7,99979136769609
7,99979800395119
7,99974902160571
7,99980295946289

6,82317662554052
6,23546169586937
7,94665041229491
7,9998073576031
7,9997687034273
7,99979702951152
7,9997992202726
7,99975417153966
7,9998087741932

6,8227259884395
6,23368253705432
7,94647685448582
7,99980617333513
7,99977357926092
7,99980044512585
7,99980639022959
7,99975709115498
7,99981403767191

6,82235423376595
6,2334094698221
7,94645193123629
7,99980687343845
7,99977403017464
7,99980192849153
7,99981129929139
7,9997646563774
7,99981582527564

6,82121189275102
6,23181785966647
7,94628329541833
7,99981031012136
7,99977302194547
7,99980801249108
7,99981290112933
7,99976929820599
7,99981591844277

6,82257217671095
6,23153602958114
7,94622779588792
7,99981364748591
7,99977434942364
7,9998062678821
7,99981337251006
7,99976988862959
7,99981358792511

6,82237549073431
6,23059802976364
7,94611806537538
7,99981337280774
7,99977628407324
7,99980913781897
7,99981414591165
7,99977341295605
7,99981336099215

6,82110583920114
6,2314507714978
7,94621415948182
7,99981826726589
7,99978010044152
7,99981258722955
7,99981741625274
7,99977935244672
7,99981792027084

6,82005123848864
6,23054542378275
7,94615031877912
7,99982115220462
7,999779394248
7,99981183851376
7,99981807626703
7,99977810246659
7,9998164117145

6,81799905642798
6,22907652018253
7,9459829035355
7,99982304670877
7,99977907944062
7,99981559533258
7,9998178600698
7,99978093522021
7,99981893036462

6,81644093026271
6,22738734442238
7,94585950681201
7,99982539432398
7,99978225499719
7,99981893684728
7,99982348756599
7,99978232073939
7,99982359002129

6,81589496137685
6,22624532311393
7,94578279582445
7,99982811157569
7,99978532568206
7,99982389733903
7,99982415892871
7,99977818939166
7,99982476096951

6,81477718891624
6,22505180917476
7,94576976451537
7,99982948013163
7,99978542057204
7,99982755132404
7,9998300396857
7,99977837561706
7,99982519899763

6,81451029077976
6,22554563639979
7,94580703554837
7,9998317011614
7,99978703128652
7,99983122325685
7,99983355655348
7,99978035342683
7,9998252887565

6,81463845666731
6,22464326856919
7,94569448543159
7,99983366447442
7,99978594526014
7,99983023679347
7,99983169030292
7,99978152134872
7,99982478965057

6,81481547924855
6,22423794243512
7,94569837686082
7,99983280460359
7,99978660721995
7,99983196043282
7,9998323791934
7,99978206403153
7,99982364052883

6,8144998326045
6,22386252638803
7,94576035385823
7,99983276470972
7,99979379701085
7,99983279306927
7,99983548421232
7,9997851903724
7,99982529809444

6,8145444575616
6,2237119658049
7,9457184010114
7,99983365553761
7,99979357321016
7,99983257485346
7,99983480913882
7,99978431082067
7,99982338939282

6,81407858143785
6,22360565037387
7,94577461200579
7,99983975668916
7,99979624969897
7,99983577660959
7,99983376216379
7,9997858113992
7,9998274425607

6,81282154085296
6,22287589704254
7,94581091735982
7,99983859703617
7,9997970786174
7,99983854102257
7,99983419604116
7,99978657078554
7,99982830672873

6,85656590877369
6,00069766984927
7,94728989428621
7,99740202029908
7,99769459138134
7,99716748485997
7,99730685566344
7,99721008421936
7,99730202151398

6,87281834559023
5,97960684190289
7,94707118663755
7,99867682059778
7,99879897475081
7,99849924666012
7,99866662316779
7,99857181398075
7,99866340112889

6,87674397852441
5,96866603198349
7,94585630263217
7,99899975484552
7,99910032491825
7,9990478863147
7,99898459891442
7,99893913211522
7,99899580118943

6,87184802067812
5,9570139573461
7,94423552987942
7,99927493828547
7,99929706327791
7,999289661118
7,99917600624383
7,99915177662691
7,9992579149301

6,86688881890459
5,9539889757549
7,94267149038436
7,99935119827988
7,99937634986686
7,9993324023012
7,99929636297179
7,99935283980483
7,99937763970878

6,87372792517323
5,99362015891453
7,94689257728129
7,99946523159757
7,99943586125332
7,99947358002252
7,99941460368238
7,99946387148321
7,99949440348774

6,870900647633
5,98531112991973
7,94626051546651
7,99951886402162
7,99953334218884
7,99949889420314
7,99945100686244
7,99950892932
7,99951292922219

6,87105494626907
5,98056550859344
7,94583019087838
7,9995763772694
7,9995699703278
7,99952205223376
7,99949399727183
7,99948041083847
7,99955247877009

6,86677286499393
5,97121149401693
7,94523538731781
7,99961054726451
7,99958626683913
7,99957408267383
7,99954539435906
7,99952188431435
7,99960033258539

6,86562900371986
5,97009975599237
7,94546750689239
7,99961783365348
7,99960222987074
7,9996071939692
7,99958583619593
7,99955038962409
7,99961339032934

6,85730494988276
5,96513651257962
7,94550783935942
7,99964294204628
7,99961349654871
7,99962308529792
7,99961058998708
7,99958904528548
7,99964715183557

6,85127730786832
5,95840460531163
7,94488656198348
7,99966932647169
7,99963604179164
7,99964499156057
7,9996215681611
7,99961826034639
7,99966523530031

6,84926699981209
5,95445457651515
7,9441554100888
7,99967307996706
7,99964893484876
7,99966679962525
7,99965833995567
7,99963400197865
7,99966600663484

6,85122462759627
5,95439436403384
7,94367342278109
7,99968967654072
7,9996705490772
7,99968660110146
7,9996655461383
7,99965247398066
7,99967541218095

6,84940449118097
5,95003900241627
7,94316842069068
7,99970772868636
7,9996843471691
7,99969836043162
7,99968705204581
7,99967699430912
7,99969308813284

6,84468151304224
5,94742808739718
7,94319492575952
7,99971792681898
7,99969022909672
7,99969915667727
7,99969453991085
7,99968460357171
7,99972042863141

6,84118317958177
5,94335363973633
7,94292322765192
7,99971873491356
7,99970397163081
7,99970028739667
7,99970578985651
7,99969492036735
7,99972968407921

6,83870511163079
5,93946245813545
7,9426535229263
7,99972343539402
7,9997121993189
7,99971068047164
7,99971464570317
7,99969994656109
7,99973550600769

6,83725049962435
5,9360252489025
7,942200477213
7,99972855384986
7,99971942992409
7,99972988470645
7,9997186261356
7,99971283821235
7,99974063923957

6,83702706143277
5,933785024729
7,94192474709027
7,99972741075211
7,99972832411925
7,99973866407253
7,9997245005799
7,9997145381517
7,99975265023308

6,83828868537733
5,93219201875329
7,94158195934724
7,99972427006663
7,99974173864343
7,99973448042238
7,99971915943107
7,99971902150065
7,99975799148563

6,83610184098616
5,92934514916579
7,94125728247726
7,99973631165481
7,99974441793563
7,99973722505116
7,99973691095166
7,99973652640345
7,99976223304599

6,83928034892248
5,93735538248663
7,94220270029925
7,99974677673655
7,99975332618713
7,99974945928291
7,99974022712956
7,99973982858656
7,99976795494254

6,83884505703514
5,93565148038369
7,94194411372292
7,99975825438123
7,99975676885954
7,99975916704066
7,99973886258123
7,99974541661086
7,99977517676563

6,83715402208073
5,93310344684169
7,94182944000787
7,99976885604435
7,99975751339673
7,99976207595146
7,99974525292807
7,99975540579593
7,9997866577604

6,83524723030217
5,93142028103775
7,94174082142974
7,99978316036101
7,99976771887451
7,99976395229475
7,99975098195917
7,99976287749676
7,99978804448889

6,83213900090657
5,92927898074781
7,94152561433093
7,9997896054769
7,99977106044398
7,99976498166335
7,99975293295262
7,99976704664888
7,99979781585147

6,83139901783242
5,92727691569619
7,94120498265059
7,99978940131125
7,99977561690632
7,99977146195266
7,99976407447651
7,99977236054468
7,99979683898866

6,82928577884666
5,92532621728758
7,94106198477142
7,99979678420794
7,99977574338623
7,99977462004431
7,99977123735484
7,99977725118147
7,99979777284394

6,82880012017538
5,92352817192195
7,94065023987679
7,99980073154084
7,99977217589401
7,99978196213291
7,99977746007623
7,99978093262365
7,99980072112342

6,82770187692458
5,9220287251537
7,94050517819935
7,99980244399292
7,99978048122154
7,99978954271713
7,99978176188859
7,99979239946603
7,99980333561567

6,82770243351205
5,92084705366875
7,94030369928105
7,99980238249692
7,99978428088598
7,9997940370551
7,99978821499459
7,99979194800883
7,99980848582839

6,82738341049665
5,91944418393333
7,94012381081546
7,99980719603449
7,99978301728179
7,99979949934499
7,99979205418133
7,99979251441083
7,99981122127964

6,82711130692505
5,91927804289722
7,94003858642283
7,99980859186039
7,99979072158432
7,99980401713013
7,99979516777629
7,99979515745724
7,99981068566075

6,82602338831834
5,91785599202261
7,93971391892219
7,99981069937564
7,99979770615596
7,9998072106253
7,99979625921716
7,999798559344
7,99981051748903

6,82742469467003
5,91755813142835
7,93947752373212
7,99980951075885
7,99979834681803
7,99980766785534
7,99979795014823
7,99979945256546
7,99981288402437

6,82743132104726
5,91671589859398
7,93931700052076
7,99981125844154
7,99979925923856
7,99981023598829
7,99980031335677
7,99980200727882
7,999819241779

6,82614807819702
5,91731118676305
7,93946087077483
7,99981377087608
7,99979980387832
7,99981311695001
7,99979937787409
7,99980261062064
7,99982070039716

6,82501301066065
5,91635459381062
7,9394191617315
7,99981409813103
7,99979692147916
7,99981301877176
7,99980027223759
7,99980574010242
7,99982313882238

6,82285800126877
5,91508314309681
7,93929356979507
7,99981706462573
7,99979739895264
7,99981837956934
7,99980125992098
7,99980599498266
7,99982548313748

6,82122332692659
5,91352731915162
7,93912871082331
7,99981739280347
7,9998037298217
7,99982150919693
7,99980561401363
7,9998115553454
7,99982819879297

6,82066597757457
5,91258692979516
7,9390539107152
7,99982023259249
7,9998052792021
7,99982335344274
7,99980922275167
7,99981271653131
7,99982779247735

6,81965444637357
5,9116744447869
7,93912260485043
7,99982496902471
7,99980906612236
7,99982291847432
7,9998125475661
7,9998173076614
7,99983036273504

6,81925001522255
5,91199180631778
7,93919550051278
7,99982847319895
7,99980936422261
7,99982662331724
7,99981508502645
7,99981780310289
7,99983189728824

6,81937234406669
5,91131253492401
7,9389631734732
7,99982560527898
7,99981292808011
7,99983210081744
7,99981401166101
7,99981786441653
7,99982978130619

6,81954135453155
5,91089806670811
7,93900672092292
7,99982492862297
7,99981703328501
7,99983011821821
7,99981423595363
7,99981655459887
7,99983003514665

6,81927187529594
5,91061725652968
7,93908840133644
7,99982914778106
7,99981792940181
7,99983064059234
7,99981857368209
7,99981677701883
7,99983178711001

6,81933476827471
5,91034126011135
7,93905754256762
7,99982794206504
7,99981929776992
7,99982788236103
7,99981817305712
7,99981937784507
7,99983296905876

6,81890898684265
5,91022237775524
7,93904278657081
7,99982892579819
7,99982179802124
7,99982955811818
7,99982158218625
7,99982248472339
7,99983584300661

6,81776329361842
5,90949992658588
7,9390768891514
7,99983133104556
7,99982395237514
7,99983085983973
7,99982358905424
7,99982601776777
7,99983537113748

6,86136372097163
6,2867512544972
7,95410694850958
7,99781446073649
7,99754993750556
7,99702247513919
7,99751218564016
7,99798250736092
7,99734856889058

6,87470698642815
6,27387256098576
7,95165915502619
7,99870233619794
7,99872005201413
7,99821954396203
7,99858480441684
7,99864000916901
7,99869785288102

6,88055991606754
6,26532436414988
7,9508020475382
7,99906333771381
7,99903876120001
7,99883638415344
7,99899702961368
7,99895395442292
7,99904140731939

6,87527121788029
6,25402976131791
7,94983604217676
7,99925266007448
7,99926415331989
7,99909970957611
7,9992079568953
7,99919060244188
7,99926330597797

6,87068302348722
6,25026866946791
7,94924928221651
7,99939300927572
7,99941390489115
7,99924751362545
7,99930731790892
7,999331432895
7,99938645671329

6,87754836204681
6,2849162273848
7,95225984505291
7,99946362580094
7,99948619615667
7,99930536233567
7,99940236791644
7,99943278387125
7,99946303447918

6,87489615408424
6,27695393192944
7,95211699732317
7,99956205245435
7,99954217451356
7,9994261232593
7,99942051127004
7,99949269210839
7,99950946631336

6,87535142055394
6,27281564222177
7,95204601485578
7,99958329023631
7,99955259055352
7,99949265399052
7,99947783804467
7,99953078390605
7,99951559317643

6,87076796225581
6,26441299442523
7,95124236079931
7,999622865788
7,99957077764919
7,99953893471888
7,99955172988915
7,99957782516321
7,99955436844692

6,86947766094246
6,26366629194936
7,95097326769261
7,9996359939393
7,9995936124105
7,99957095520613
7,99957042131419
7,99960990300405
7,9995896555738

6,86107746339536
6,25905877574985
7,95095201930164
7,99964069589904
7,99961478792721
7,99961371299162
7,9996014092847
7,99963410147031
7,9996176518481

6,85514496950421
6,2520569014798
7,95035787181395
7,99965912397918
7,9996397645117
7,99963528443417
7,99962289261091
7,99964160194699
7,99965386207358

6,85303798938343
6,24790057209303
7,95002173349919
7,99968372463206
7,99963237851743
7,99964427248395
7,99964479627281
7,99965897767722
7,99966833440163

6,85528389938487
6,24838221535468
7,94982419578204
7,99969305345315
7,99965763234385
7,99965035237427
7,99965861841969
7,99967361497645
7,99968413256615

6,85301971105657
6,24441939512733
7,94953594989063
7,99969980299029
7,99967516984381
7,99966823300459
7,99966895533557
7,99968136567567
7,99969691296559

6,84837251911288
6,24192626970228
7,94943854245617
7,99971072112091
7,999684455917
7,99968749715268
7,99967265437766
7,99969548314598
7,9997067207777

6,84493243102806
6,23827354606903
7,94912204599486
7,99972488768241
7,99970234490171
7,99969949184363
7,99970092946364
7,99971277948634
7,99971785328192

6,84237772300506
6,23506711760913
7,94876310085175
7,99973218578987
7,99970620861234
7,99971193437982
7,99971191181049
7,99972521316781
7,99972476323236

6,84067115294366
6,23200189708071
7,9484360088417
7,99974541803377
7,99971825206929
7,99972081594882
7,99972403851704
7,99972558247033
7,9997423020049

6,84074099130616
6,23004695153431
7,94819904234167
7,99975570465888
7,99971926016147
7,99972865979595
7,99972515582051
7,99973702857146
7,99974486357802

6,84192340436924
6,22835998208757
7,94808612202732
7,99976584559469
7,99972756020314
7,99973052797723
7,99973357200197
7,99974773361772
7,99974982375053

6,83967462803893
6,2257180878714
7,94783324430361
7,99977243362269
7,99973295309388
7,99973531907004
7,99973787885084
7,99975511722141
7,99975267559128

6,84268789773955
6,23319718545308
7,94855430250513
7,99976986481884
7,99973876732036
7,99974405845097
7,99974320469357
7,99976453532018
7,99975745690561

6,84223333355873
6,23188632435105
7,94831879665558
7,99977095665855
7,99975305549272
7,99975922435081
7,9997538440288
7,99976974765024
7,99975841224922

6,84035654174299
6,22952750315258
7,94815327345613
7,99977727432354
7,99976002396145
7,99975977375378
7,9997515030292
7,99977238660159
7,99976709755307

6,83853776429246
6,22773889047937
7,94807770584505
7,99978535246785
7,99976878497153
7,99976018415725
7,9997518185931
7,9997735362103
7,99977356830118

6,83536470812038
6,22568820934738
7,94794607507781
7,99979119223188
7,99977351649936
7,99975532110029
7,99975433685451
7,99977776387022
7,99978111644887

6,83456891103925
6,22407349781564
7,94784315454817
7,99979550679894
7,99977678503396
7,99976705521478
7,99975522378845
7,99978177396008
7,9997855647248

6,83255522783044
6,22233442354944
7,94770075186729
7,99979650451961
7,9997803659258
7,99977322104407
7,99975445932874
7,99978112733902
7,99978520289355

6,83205600828134
6,22094306677901
7,94752216190922
7,99979365465314
7,99978172228953
7,99977600070898
7,99975753022182
7,99977923356105
7,99978534849502

6,8308678193835
6,21924795828117
7,94737479120264
7,99980339543469
7,99978849060815
7,99978066944539
7,99976702991072
7,9997821371159
7,99979296222883

6,83099766328219
6,21822877791935
7,94722746639862
7,99980247634626
7,99979025699474
7,99978274811365
7,9997735741485
7,99978556209537
7,9997987857545

6,83065656107645
6,21694415240214
7,94704487311802
7,9998097890097
7,99979871748809
7,99978849918164
7,99978111174684
7,99978761978967
7,99980249485525

6,83041176541617
6,21675947397739
7,94714592727781
7,99981286114443
7,99979943687283
7,9997912920785
7,99978212597462
7,99979078636711
7,99980560926728

6,82924040535381
6,2152187819412
7,94704130397331
7,99981659375647
7,99980289294119
7,99980032738854
7,99978208432107
7,99979454835925
7,99980561168135

6,83063038918809
6,21510979009047
7,94706480113315
7,9998174921718
7,99980026894463
7,99980045529394
7,99978623791482
7,999796212042
7,99980828579675

6,83054027668316
6,21459054987026
7,94707356145278
7,99982156018074
7,9998034638194
7,99980143489154
7,9997857745871
7,99979646879098
7,9998109341021

6,82921485768865
6,21505950326016
7,94719189095317
7,99982302382997
7,99980850567473
7,99980561075037
7,99978933663233
7,99980056934873
7,99981676518148

6,82814694911966
6,21428693058867
7,94714077690078
7,99982085241047
7,99980855085074
7,99980742849917
7,99978791565752
7,99980023747614
7,99981266170641

6,82595599656457
6,21324933102971
7,94703390358813
7,99982457216112
7,99981203929926
7,99980886631345
7,99979129258286
7,99980489514907
7,99981548744388

6,8243128644041
6,21173651437593
7,94687313360646
7,99982456125448
7,99981464128856
7,99981380806449
7,99979399646363
7,99980927513279
7,99981646582408

6,82370234042826
6,21097025333792
7,94679048492123
7,99982441468533
7,99981889026593
7,99981480136317
7,99979796406014
7,99981140642774
7,99981952202258

6,82261179000945
6,21014159312244
7,94676810628705
7,99982790233205
7,99981980231715
7,99981297434156
7,99979876021562
7,99981440431803
7,99982065772789

6,82224897269849
6,210283253437
7,94681796722018
7,99983008803303
7,99982251985028
7,99981598562637
7,99980379629699
7,99981588567735
7,99981938287727

6,82240361719057
6,20957999415434
7,94669013271419
7,99983024027994
7,99982598418817
7,99981850946657
7,9998060315969
7,9998180974369
7,99981820103892

6,82261685760254
6,20940113198825
7,94662502538484
7,99983106172673
7,99982571057938
7,99982055987702
7,99980765346291
7,99982102483643
7,99982004759115

6,8223793906581
6,20923245983632
7,94668341796976
7,99983279887915
7,99982487091934
7,99982203693973
7,99981084627236
7,99982390351771
7,99981965284204

6,82243101168281
6,20914680023721
7,9466561632626
7,99983346061484
7,99982485488894
7,99982102825261
7,99981093113724
7,99982394055078
7,99981959919345

6,8219987804623
6,20901475279727
7,94665783644242
7,99983500266652
7,99982914553609
7,99982399352125
7,99981176156308
7,99982731806427
7,99982200982286

6,82076532089131
6,20829655342284
7,94654651865682
7,99983319282699
7,99983284382996
7,999824927479
7,99981596438031
7,99982794496325
7,99982274586203

6,76052849204095
6,1000521145371
7,95087100372083
7,99727455183384
7,99782454613868
7,99735634525585
7,99749486604667
7,99718971151948
7,9974297074254

6,7769092998859
6,07844789218219
7,94923420101301
7,99851264258831
7,99867130967555
7,99871517252202
7,9985063399294
7,99867257316764
7,99868213344285

6,78340038259817
6,06881318564415
7,94798185039864
7,99893840751693
7,99898306979274
7,99904695272097
7,99900109895295
7,99909502820701
7,99910000163225

6,78156762761598
6,05592186069293
7,94751790299801
7,99914351998449
7,99911457652952
7,99928376709316
7,9992264084988
7,99935647290014
7,99930115634131

6,77719910047699
6,05264780376528
7,94702367650525
7,99930568547492
7,99927322957042
7,99941683953846
7,99937200561429
7,99944579109525
7,99939002672334

6,77702433629784
6,09162477211301
7,95035404800233
7,99942414807242
7,99943817535998
7,99950886545883
7,99950922641868
7,99954409153887
7,99947706727706

6,77606295810409
6,08297221885309
7,95004641355445
7,99947652920549
7,99948792970949
7,9995425393794
7,99954373932907
7,99955478560677
7,99953154832169

6,77757795681213
6,07858919228802
7,9502110997869
7,99950982270611
7,99951066575713
7,99955510625739
7,999567822737
7,99958365882681
7,99955122892301

6,77513229278247
6,06914302742015
7,94968604107245
7,99952787231032
7,99954079356276
7,99959487858105
7,99962328346583
7,99963072216259
7,99959634583315

6,77444937636903
6,0678280579148
7,94990908663021
7,9995761924828
7,9995870359046
7,99961847688593
7,99962324221581
7,99962737621915
7,99961849855775

6,76744543579481
6,06211965540335
7,94996604137817
7,99959021996252
7,99959817029024
7,99963553023955
7,99964461072325
7,99964854226914
7,99965485709826

6,76295400377338
6,05479109411292
7,94969850765013
7,9996272571669
7,9996361681017
7,99966526820062
7,9996847870916
7,99968496627242
7,99967591920052

6,76124596885107
6,05015623965388
7,94908733213843
7,99966327648979
7,99964401248981
7,99967848785964
7,99969600787019
7,99969234428688
7,99970438005361

6,76286790275601
6,05016565011143
7,94867368171847
7,99968351723281
7,99967313912297
7,999718028684
7,9997195011138
7,99971181496863
7,99972422505228

6,76159568918729
6,04556185968542
7,94828148197432
7,99969817508994
7,99968716446973
7,99973450310578
7,99972149949107
7,99973397888671
7,99973220898156

6,75769784757897
6,04245819344794
7,94834698416886
7,99971423992181
7,99970224065311
7,99974374283074
7,99972529794521
7,99973932320607
7,99973519377198

6,75509685766725
6,038378662624
7,94831579005091
7,99972831839076
7,99970486642841
7,99975477160898
7,99973169869126
7,99974613366289
7,99974326918034

6,75356921637134
6,03463781149081
7,94812046589989
7,99973679771314
7,99971721687218
7,99975873290635
7,99973601206887
7,99975337528295
7,99974973325172

6,75275630393711
6,03080024174867
7,94770995848205
7,99975178357865
7,99972102468671
7,99976284291397
7,99974918930934
7,99976172577117
7,99975094804366

6,75301018457646
6,02866602203735
7,94749288685331
7,99975298953928
7,99972849203702
7,99976707313169
7,99975307799228
7,99976151517024
7,9997477101449

6,75456035439761
6,02719320152259
7,947241983121
7,99974854140969
7,99973573466903
7,99977228896811
7,99975909818824
7,99975996467125
7,99974785657575

6,75274894160332
6,02388821226382
7,94694201505494
7,99975153511055
7,99973385828216
7,99978264929633
7,9997649021914
7,99976369222921
7,99975509733757

6,75390190262836
6,0320403822306
7,94754202694662
7,99975812090137
7,99974273403726
7,9997876319219
7,99977665472352
7,99977670092624
7,99976667631745

6,7538525796816
6,03029012040446
7,94733298010188
7,99976591720596
7,99974494165336
7,99978540249376
7,99977824595089
7,99978230949046
7,9997716717268

6,75280005758272
6,02776710790745
7,94721118617476
7,99976246551924
7,99975144609614
7,99979533909769
7,9997801076671
7,99978795309425
7,99977765017577

6,75129508633273
6,02590241301
7,94712737534665
7,99976342430337
7,99975484251505
7,99979960913313
7,99977962434877
7,99979498691534
7,99978214803084

6,74872969001512
6,02356542770599
7,94698002524627
7,99977117546402
7,99975688860643
7,99979601222191
7,9997803932362
7,99980134793823
7,99978896514276

6,74829527513909
6,02169501601841
7,94684784028211
7,99977926718699
7,99976687870169
7,99980602016141
7,9997903154582
7,99980705356847
7,99979434056146

6,74656217423111
6,01962500279982
7,94665037460178
7,99978702030393
7,99976946955353
7,99980917434198
7,99978837441348
7,99980803714405
7,99979392385676

6,7461970026743
6,01782860283945
7,94638183812403
7,9997905505771
7,99977437099578
7,99980856107156
7,99979551688079
7,99980951149947
7,99979659248882

6,7456647479667
6,01593029460165
7,94628337285654
7,99979515142801
7,9997862046424
7,99980990066415
7,99980449439073
7,99981301854634
7,99980508663892

6,74606888174575
6,01486198936318
7,94615892493262
7,99979778334611
7,99979046580047
7,99981060428853
7,99980460163193
7,9998121878966
7,99980753015378

6,74593931103575
6,01345175619542
7,94595053158513
7,99980382722582
7,99979610921072
7,99981146747139
7,99980634483564
7,99981282743793
7,99981048754805

6,74561769473637
6,01336868073968
7,94586581315942
7,99980682839759
7,99979874102599
7,99981239033682
7,99980654924251
7,9998131882986
7,99981230185326

6,74463345225928
6,01191043149423
7,9456270703531
7,99981153029971
7,99979951160736
7,99981335629457
7,99981021921805
7,99981687536875
7,99981525424024

6,74596901687605
6,01199844026998
7,94549752580623
7,99981325947319
7,99980516485791
7,9998116728159
7,99981164192638
7,99981764554075
7,99981077859622

6,74592727690586
6,01126134203787
7,94539784308643
7,9998170230792
7,99980931377104
7,99981730646426
7,99981392775286
7,99981831423107
7,99981207875157

6,7445486529756
6,01169783918979
7,94555390293134
7,99981792678893
7,99980879658782
7,99981988948239
7,99981822907131
7,99982120415391
7,99981506973506

6,74367350503664
6,01081730758941
7,94562440570769
7,99981454581297
7,9998071317639
7,99982023457357
7,9998167992572
7,99982103868094
7,99981360364247

6,74186364043599
6,00929707383551
7,94555105413713
7,99981421017262
7,99981059379047
7,99981998722433
7,99982121002875
7,99982195371344
7,99981530381566

6,74059288652365
6,0075034831873
7,94544365582984
7,99981577881765
7,99981661961416
7,99982489924089
7,99982095072282
7,99982590486407
7,99981963708612

6,74034492913294
6,00655678783585
7,94543824212334
7,99981524578264
7,99981771347268
7,99982925059807
7,99981897080159
7,99982733274255
7,99982270868368

6,73952970734874
6,00581199506736
7,94545365055314
7,99981742595198
7,99982015960992
7,99983073392702
7,99982253037591
7,99982695929134
7,99982753139163

6,73919416670356
6,00607400252879
7,94546457938521
7,99981799247396
7,99982079635519
7,99983051352727
7,999824479967
7,99982903331831
7,9998315554063

6,73948737000804
6,00532101419122
7,94528169206377
7,99982117908939
7,9998210958238
7,99983049614378
7,99982416560208
7,99982860544771
7,99983321934749

6,73993349449781
6,00494524583886
7,94532221077633
7,9998209342562
7,99982197951562
7,99983089965338
7,99982519050992
7,99982608801796
7,99983410663451

6,73975702029759
6,00475311439715
7,94539393478717
7,99982462721234
7,99982047220773
7,99983346570538
7,99982550902673
7,99982789970346
7,99983243808215

6,73984002808123
6,00455072983291
7,94544633067824
7,99982323372611
7,99981883046767
7,99983508135703
7,99982677355973
7,99982790051352
7,99983147987661

6,73939779456479
6,00448771219932
7,94546982520247
7,999824776367
7,99982026068717
7,99983763019981
7,99982686187108
7,99983147066743
7,99983181850298

6,73832151426125
6,00379864606496
7,94548847106948
7,99982562174619
7,999823513397
7,99983655161173
7,99982741905666
7,99983363628788
7,99983279075976

6,85958134575372
6,03141863883305
7,95392170803438
7,99715609007246
7,9975310019367
7,9977154551978
7,99735339502945
7,99733529645474
7,99759139762492

6,87232616622259
6,019580110505
7,95057466473456
7,99828694007154
7,99845416279863
7,99868707726787
7,99845160513288
7,99852521366731
7,99881871699089

6,8776370659426
6,01170094554842
7,94902015642546
7,99882272624501
7,99893597207125
7,999062310058
7,9989625115379
7,99888930549811
7,99917468334624

6,87309859291768
6,0023851219347
7,94790703329337
7,9991373671892
7,99913892090293
7,99922405255314
7,99925504254908
7,99918056573985
7,99936290585022

6,86766129688285
5,99951115399646
7,94753675110026
7,9992581451608
7,99931745628517
7,99935982166372
7,99935200314953
7,99937303352984
7,9994175916917

6,87499065012534
6,03159020556891
7,9514035633953
7,99940098727592
7,99942556617821
7,99946118577325
7,99944967303555
7,9994993792704
7,99953238667456

6,87225345459643
6,02436247206932
7,95075570500522
7,999443657703
7,9994712610685
7,99947852409159
7,99952395689885
7,99953144945361
7,99958791873964

6,87216219337341
6,0213424625292
7,95061251640188
7,99948394428439
7,99951913655718
7,99948994752344
7,99956252635105
7,99957977940136
7,99962858857301

6,8673396018426
6,01364849239992
7,94967320747678
7,99955009777458
7,99955310497006
7,99952627941835
7,99959278040775
7,9996218993665
7,99963766655365

6,86632348560196
6,01258379361393
7,95012553585369
7,99957022383339
7,99958126932175
7,99955418814806
7,99961144054564
7,999633246414
7,99963392506303

6,85793432643263
6,00771019501676
7,95002039112987
7,99959650943933
7,99960011982343
7,99955746403193
7,99963079265074
7,99964523515009
7,99965290773406

6,85194778601198
6,00142452390482
7,94961194233565
7,99963686828528
7,9996186992255
7,99957143871927
7,99964109858971
7,99966937729497
7,99969988295592

6,84957444335026
5,99751040747352
7,94920524347274
7,99965961440138
7,99964946462005
7,99960807639721
7,99964015690662
7,99970437469595
7,99971377285899

6,85180492445102
5,99705869323053
7,94916815695114
7,99967304452783
7,99966370731125
7,999634419674
7,99965046646991
7,99970845601004
7,99973666828082

6,85000746192251
5,99354435111053
7,94861157143328
7,99970022975456
7,99966815431464
7,99965260534395
7,99965693317941
7,99971567693433
7,99974458448591

6,84513395637915
5,99112134684376
7,94839616340106
7,99970958297386
7,99967719790924
7,99967608947578
7,99967691132761
7,99972827194577
7,99975897153118

6,84141437577914
5,98742754183687
7,94800985064572
7,99972981478619
7,99969282003406
7,99968617548911
7,9996910990793
7,99973260415931
7,99976271246378

6,83901738476277
5,98443630492923
7,94775560770427
7,99974458686413
7,999701258062
7,99969470931982
7,99969518627227
7,99973115231115
7,99977910029279

6,83738087199797
5,9814313284582
7,94734123412365
7,99975609823987
7,99970851597906
7,99970167731449
7,99970635805066
7,99974061822321
7,99978636497594

6,83715514763164
5,97935345028829
7,9469876564035
7,99975979085454
7,99971794830068
7,99971009409185
7,99971956580715
7,99974138773167
7,99978733615916

6,83843505114778
5,97801822671452
7,94659857909029
7,99975910003825
7,99972191097445
7,9997154798587
7,99971929005005
7,99974132592975
7,9997860350172

6,83620379606916
5,97558605752897
7,94630798567132
7,9997570155547
7,99973588427913
7,99972322771018
7,99973289318912
7,99975199665827
7,99978881435435

6,83937300782737
5,98248886822241
7,94723739528088
7,99976097385122
7,99973857986605
7,99973748005339
7,9997360640722
7,99975948438655
7,99978593973407

6,8391706582459
5,98087951713297
7,94712737392701
7,99976232031726
7,99974553179917
7,99974671445441
7,9997464624584
7,99976115094561
7,99979037402897

6,83730781188571
5,97892466431436
7,94691502602962
7,9997675258
7,99974883857038
7,99974917642553
7,99975427546565
7,99976035846735
7,99979585558235

6,8354962224456
5,97698867173708
7,94678633286611
7,99977258381743
7,99975613511618
7,99975576259554
7,99975978286474
7,99976443463051
7,9997971251254

6,83240873497235
5,97492147524673
7,94665344558798
7,99977430767829
7,99976659762156
7,99976601185233
7,99976495025722
7,99977196186753
7,99979109265523

6,83161879219692
5,97331837372269
7,94642588303434
7,99977864864519
7,99977144255185
7,99977122566358
7,99976884953061
7,99977878857745
7,99979691001382

6,82945592213125
5,97155050016655
7,94632557833602
7,99977569363644
7,99977225315483
7,99977672810241
7,99977547421249
7,99977536286309
7,99979516357715

6,82887640180389
5,96987828097065
7,94604023367453
7,99977849684904
7,99976950411097
7,99978152704205
7,99977721505648
7,9997749310679
7,99979222991147

6,82781027130498
5,96842491762154
7,94593967239764
7,99978255712694
7,99977698860874
7,99978225255694
7,99978208640649
7,99977672856921
7,99979515419705

6,8280299147164
5,96761107684412
7,94576475346679
7,99978511422265
7,99977759987026
7,99978582736801
7,99978048217495
7,99978132052888
7,99979758705479

6,82758357981235
5,96628979103627
7,94556431958187
7,99979018476668
7,9997819991407
7,99978991395269
7,99978564208404
7,9997914648872
7,99980051524727

6,82732863207878
5,96603033762592
7,94560517239573
7,99979344815893
7,99978863556153
7,99979339793135
7,99979037251118
7,99979811381295
7,99980171252827

6,82613523978527
5,96451995425788
7,94535956328362
7,99979821458694
7,99978909438576
7,99979392546709
7,99979808748557
7,99980098107141
7,99980421538403

6,82734478510644
5,96456192607899
7,9452349023366
7,99979867063574
7,9997880600676
7,99979155954937
7,99979410714213
7,99980156531593
7,99980469523445

6,82714728529091
5,96385585194826
7,94510015800098
7,99980037745381
7,9997893808236
7,99979884915403
7,99980100592085
7,99980389004078
7,99980289779962

6,82586627156533
5,96406989166459
7,94533116688347
7,99980872352091
7,99978923815255
7,99980621184828
7,99979953540271
7,99980366590281
7,99980466716427

6,8249610426848
5,96316175431151
7,94528032140309
7,99981145066088
7,99978940147817
7,99980484182737
7,99980217077061
7,9998001301097
7,99980571687239

6,8228295150619
5,96203595523952
7,94519579567194
7,99981413685043
7,99979201481144
7,99980651541548
7,99980100112809
7,99980121800967
7,99980907192471

6,82111443031233
5,96041230190424
7,94501662433952
7,99981674861571
7,99979422048801
7,99981140022789
7,99980296408671
7,99980847345882
7,99981620564019

6,82052614615989
5,95977629596558
7,94499304814083
7,9998219803231
7,9997986298331
7,99981457537497
7,99980277453547
7,99981419490837
7,99981629093685

6,81945045585384
5,95892735981625
7,94493187340973
7,99982563295732
7,99979900005535
7,99981787062503
7,99980727203149
7,99981179014182
7,99981868620549

6,81905953723194
5,95907330528436
7,9449239263696
7,99982659511987
7,99980046923987
7,99981987897082
7,99981009918435
7,99981055176091
7,99981855025077

6,81916540711967
5,95836827112247
7,94478862046287
7,9998273447177
7,99980021705695
7,99982070550903
7,9998074195552
7,99981256206593
7,99982000766715

6,81936838385101
5,95817286094782
7,94476758306971
7,99982858307492
7,99980099272371
7,99982005914714
7,99981071683468
7,99981138299821
7,99982247954014

6,81908582159008
5,95799875738406
7,94477522006571
7,99983006726184
7,99980413255047
7,99982099258657
7,99981126015211
7,99981153125925
7,99982380019578

6,81911750649561
5,95788261693779
7,94474544568315
7,99983148012876
7,99980501920876
7,99982014998383
7,99980838949359
7,999812162384
7,99982184880106

6,81866463543238
5,95771616993558
7,9447580841802
7,99983510200616
7,99980875750224
7,99982417378218
7,99980824960836
7,99981437273942
7,99982145690423

6,81743895656618
5,95704988469514
7,94475778666187
7,99983655120396
7,99981151281551
7,99982879905147
7,9998130369882
7,99981364987062
7,99982319373596

6,85784178705872
6,07799167355864
7,95453930601646
7,99776871197225
7,99749818795635
7,99718627955869
7,99761970918725
7,99713254526957
7,99720357292004

6,87186105647911
6,05622799392649
7,95399755945096
7,99876778805574
7,99877522175972
7,99852592013747
7,99865247119787
7,99850827409012
7,99860656286507

6,87658506926189
6,04731634644752
7,95170571631654
7,99910252024314
7,99900821926616
7,9989521978202
7,99900912790347
7,99887400818184
7,99899897002125

6,87133043423991
6,03485177805811
7,95025887004545
7,99930388962474
7,99918076207435
7,9992659685163
7,99921482745983
7,99907686694657
7,99925732421547

6,86613983936738
6,03320154432375
7,94977985821869
7,99937230446579
7,99928463697579
7,99939900055853
7,99936424984019
7,99925309735751
7,9993625806976

6,87377889027487
6,07336336475243
7,95326298579431
7,99947162825838
7,99943239297145
7,99948621494467
7,99945563049342
7,99940753025995
7,99946049348206

6,87067332315061
6,06503758339637
7,95285956655441
7,99949845005922
7,99950784617299
7,99955710120023
7,99952829468471
7,99947714493974
7,99947926124993

6,87157224910666
6,06020822385036
7,95220899212331
7,99951722789982
7,99952466018067
7,9996112232784
7,99957785262626
7,99952778276556
7,99951669866432

6,86704217482092
6,04995324936043
7,95169306071108
7,99957816455827
7,99958090709531
7,99964992199596
7,99962063180454
7,99961164206827
7,99958560195724

6,86589283940184
6,04945886472326
7,95169789595087
7,99959440901838
7,99959395408865
7,99966638472587
7,99964540964796
7,99963225466504
7,99960880725035

6,85765800470899
6,0442340500554
7,95151538997535
7,99963464253304
7,99963673532315
7,99969784254588
7,99966196676103
7,9996411703379
7,99961930233738

6,85161813107546
6,03734003262319
7,95091045281114
7,99965696292218
7,99966373694602
7,99971164460704
7,99968142642167
7,99967886042462
7,99963953468127

6,84935143865582
6,03279282801266
7,95049996439122
7,99967381636153
7,99966972436725
7,99972381684131
7,99969654275105
7,99969650969254
7,9996491757886

6,85124281819791
6,03335310201012
7,95061175405173
7,99969066648854
7,99969038413241
7,99973345417002
7,99971591283561
7,99970713494536
7,99967433876077

6,84933333676338
6,02882240603993
7,95004763306215
7,9997065998043
7,99969471621446
7,99973394225681
7,99973165943281
7,99972114620683
7,99969332110666

6,84477361635819
6,02615468037577
7,95001995590233
7,99971086558684
7,99969936758897
7,99975052398101
7,9997444451881
7,99973742573073
7,99969975257412

6,84109109542658
6,02193030846847
7,94977440305242
7,99971747438745
7,99971531090517
7,99976451340749
7,99974954864505
7,99974984395155
7,99971196193704

6,83864978592844
6,01815764584646
7,94949164177209
7,99973149605793
7,99972893672729
7,9997676730544
7,99976131514689
7,99976422196994
7,9997236036725

6,83702516708953
6,01452985660177
7,94904771371199
7,9997441748906
7,99974284917707
7,99977857926551
7,99975874944575
7,99976360881371
7,99973192142716

6,83687792066896
6,01202102554661
7,94872606293747
7,99974433976116
7,99974606490331
7,99978405515002
7,99976730909545
7,9997689926521
7,99974699344177

6,83803420778865
6,01022527193429
7,94845455726299
7,99975623977407
7,99975637782483
7,99978908124179
7,99977532576306
7,9997718323947
7,99975008942647

6,83575551159833
6,00726458634146
7,94824567923229
7,99975542251291
7,99975100145656
7,99979795987922
7,9997816711519
7,9997769308883
7,99975819468671

6,83889882342288
6,01570902222656
7,94907777402103
7,99976542332529
7,99976033049264
7,99980224952258
7,9997885119901
7,99978335533463
7,99976870875646

6,83844939730076
6,01387061165736
7,9488613015466
7,99976803576007
7,99976087532215
7,99980809317015
7,99979465588156
7,99979044174289
7,99977616139673

6,83671969260494
6,01129183917494
7,94867152702872
7,999776377085
7,99976609036635
7,9998078041638
7,99980080927605
7,99979760651879
7,99977703382475

6,83478218924967
6,00947852827502
7,94857232437953
7,9997781597201
7,99977416517901
7,99981262764043
7,99980234311033
7,99979942947778
7,9997797765476

6,83166713486818
6,0071791370047
7,94834724313464
7,99978615318013
7,99977724362936
7,99981578556464
7,99981168063964
7,99980153536697
7,99978741751249

6,83092737307811
6,00508657153299
7,94810972248189
7,99978751681933
7,999790241268
7,99982144455893
7,9998160874207
7,99980145689404
7,99979508350389

6,82871570881938
6,00317046841819
7,94798430801454
7,9997873662706
7,99979380140773
7,99982503306689
7,99981747713937
7,99979967719433
7,99980341506094

6,82813768249853
6,00147002118339
7,94776029089958
7,99978378199388
7,99979568244913
7,99982653367208
7,99981904894556
7,99979982409339
7,99980500638276

6,827119016781
5,99988517902895
7,94751167949931
7,99978822121703
7,99980230287663
7,99982852627704
7,99982790639576
7,99980642646836
7,99980935550145

6,82720580299537
5,99882514324072
7,94732464724012
7,99979458676605
7,99980467151022
7,99982844873206
7,99982985708179
7,99981133667881
7,99981583651156

6,82677434631685
5,99737594052666
7,94719198271768
7,99979554348569
7,99980974757924
7,999831740781
7,99982916708117
7,99981278352729
7,99981350987898

6,8264236910523
5,9974469510303
7,9471943429627
7,99979426247093
7,99980775213376
7,99983238955743
7,99983509825683
7,99981641221597
7,99980966170128

6,82530915383085
5,99592710633795
7,94696347521821
7,9997981054148
7,9998087242865
7,99983686696772
7,99984041589454
7,99981600255884
7,99981178284687

6,82677609059458
5,99585147213085
7,94694068744855
7,99980006228475
7,99980637164958
7,99983793061746
7,99984113753389
7,9998191692664
7,99981103381079

6,82666870642878
5,99514635541319
7,94688499008953
7,99980074801896
7,99980965944464
7,99983854248097
7,99984548909957
7,99981527154806
7,99981126438298

6,8254174933094
5,99584110255509
7,94692962121071
7,99980563252973
7,99981316198145
7,99984004664785
7,99984760988275
7,99982222885511
7,99981394611042

6,82428987575958
5,99513620141154
7,94692816188383
7,9998038297953
7,99981651086349
7,99983549066486
7,99984819590218
7,99982759111154
7,99981254666941

6,82214547075403
5,99381976795264
7,94687439188557
7,99980967199636
7,999820917976
7,99983524108331
7,99985028686559
7,99982637987436
7,99981490705865

6,82055190452187
5,99208581756125
7,94668885833176
7,99981382465216
7,99981980872336
7,99983927522013
7,999855512669
7,99983238752517
7,99981837897437

6,82002545760153
5,99102979731455
7,94655284181067
7,9998126041377
7,99981974258345
7,99984160359378
7,99985757765338
7,99983470707393
7,99982120519721

6,8190188758036
5,99006676485293
7,94659228960877
7,9998158540544
7,99982458308264
7,99984437373845
7,99985981124189
7,99983597214278
7,99982512153707

6,81861979009105
5,99038860114854
7,9466634143126
7,99981461671399
7,99982492828066
7,99984546098942
7,99986363976583
7,99983897173805
7,99982711053075

6,81876506897843
5,9896053137048
7,94656703487086
7,99981654281558
7,99982504346783
7,99984475585482
7,99986309689008
7,99984089579593
7,99982739700027

6,81894445073256
5,98912965365157
7,94651431619915
7,99981597120212
7,99982838193366
7,99984510937533
7,99986120119544
7,99984038459605
7,99982584672048

6,81869625830727
5,98877947409418
7,9465299305146
7,99981932887881
7,99982860245935
7,99984543505956
7,99986150385161
7,99983912018492
7,99982688610992

6,8186691193072
5,98856805854633
7,94655775315561
7,99981817479256
7,99982797682093
7,99984593217173
7,99985962732245
7,99983698240861
7,99982706651034

6,81820690755691
5,98855790423273
7,94653533441767
7,9998234732498
7,99983115993457
7,99984623867036
7,99986304843869
7,9998394689653
7,99983096740729

6,81696465098818
5,98788986896884
7,94651566803384
7,99982401174238
7,99983222924375
7,99984698479937
7,99986399170296
7,99984312588534
7,99983118827969

